4 0.2650009087324525 0.870108521090946 0.10194830625918576 0.25978295781810784
3 0.3216634746034171 0.9696188234892886 0.047279255830925876 0.06076235302142285
3 0.3614630928386813 0.8982947672427573 0.05148287987430922 0.14229227195989172
3 0.3522510754143236 0.8150573178907514 0.0443607054482793 0.106748888226835
3 0.5712391063909594 0.9560184553603187 0.023459608555065643 0.08796308927936253
4 0.40022298635649534 0.3970002717365352 0.06866905042825988 0.19694525150207814
3 0.4374266103998788 0.34153910956364636 0.03948869770412034 0.14302742365560372
3 0.35980958707617533 0.6556007016238083 0.06601812021691716 0.2967123727593395
0 0.3920801161623847 0.580584741546355 0.02538397676752311 0.11194065618948949
3 0.41994373052556944 0.4785527966881268 0.03542470157619971 0.12438358533195204
4 0.47221068396938903 0.6926669878098447 0.023372341107901092 0.108452070360997
0 0.48652160450053306 0.7479592350664153 0.02433161629922438 0.09686302994190991
0 0.526074965060058 0.3059090324744393 0.03345960855506564 0.13422833283679286
3 0.5443066781612699 0.6707560776355744 0.02918617055395043 0.05558449451314118
3 0.6521295677157779 0.5866008992503794 0.01926762017130386 0.07814156537067864
3 0.665362280908216 0.5209433738022473 0.02327925583092565 0.08178540369433032
3 0.5350979030155597 0.44331314849311204 0.026581782981095557 0.16868494910373574
3 0.5496648080583857 0.42527206241634924 0.015593418640717572 0.1711643937136937
3 0.43420519950332026 0.5480117106113641 0.03263414344939417 0.1841507065892133
3 0.6170186955856275 0.7589227937088839 0.02334906978865729 0.10178540369433033
2 0.443842585231362 0.22283820038245716 0.07651778685317503 0.1542329281493815