4 0.3344574241506914 0.8960979168866091 0.19597448683826668 0.19552743722726898
3 0.23552046241402996 0.821405273162564 0.14514446675698242 0.10413103203301148
3 0.32653109289808546 0.7395185255445834 0.08803965119841632 0.0991394675314975
3 0.3762931317945007 0.7464118160213389 0.06651557340558599 0.08186187359234319
3 0.932624614201231 0.7576495138632161 0.134750771597538 0.18895648138372925
3 0.16066779990881822 0.5099629051964544 0.07814871895060468 0.070544308224241
3 0.25697092537255267 0.4054016069291915 0.08762464115777426 0.05416855930637789
4 0.615781810582537 0.6276758480587441 0.12193058344622795 0.12843282943588274
3 0.6447117033008568 0.5609406697041195 0.08735835006773686 0.07747280086483083
3 0.4684808112156136 0.7178729476241318 0.1790878067840772 0.1350910606040634
0 0.5091727428303486 0.6591365471917163 0.06862464115777425 0.05361581558365098
3 0.5659694900036497 0.6032680116945485 0.07614871895060468 0.07048612467448
4 0.4368207710530451 0.5386293337710212 0.06646741781992511 0.04855763203389036
0 0.4032442854809317 0.5212560290087398 0.05946741781992523 0.04835398960972763
0 0.8532350903657792 0.3805483632130552 0.08399149561275544 0.06571885887352304
0 0.6571260226135908 0.41461277619782 0.08109631117132175 0.06896491688221526
3 0.44304741094466615 0.41833841602221755 0.03657223337849132 0.051018212120812714
3 0.4818349630028147 0.23537716537337475 0.048152971144226966 0.03803398008604366
3 0.5190226424239275 0.20843834459458765 0.051362602261358914 0.044787922077351446
3 0.903890187606817 0.39992710780237045 0.06720112672988762 0.0718909653672236
3 0.9052131386697597 0.34650649914439596 0.08972945671634033 0.05756007618947194
3 0.938788933513965 0.4187052532573952 0.12242213297207014 0.09559405627551561
3 0.5759687992757416 0.41196920996312936 0.10172945671634034 0.05790917748803632
3 0.5856826825864959 0.38666374632688555 0.1022053789235099 0.04127160259624996
3 0.5248930044315364 0.5861128952438698 0.11114871895060469 0.0715043367952929
3 0.3845884975119854 0.30993846364063754 0.06246741781992523 0.04844126493436875
2 0.7131090138391019 0.5397666705707077 0.09729743790120937 0.13937220173054055