4 0.3199456393492484 0.8593360997982656 0.11887267447164333 0.2557224155535747
3 0.38314020328417325 0.9437566643096894 0.05326180234149297 0.07757023749440198
3 0.4119398215194375 0.8565412221350264 0.06050033336374213 0.14624303615718492
3 0.39570744169074146 0.780674723744919 0.0503781589377121 0.11075808568654301
3 0.6198932788809499 0.8597875856790076 0.032494515533931234 0.14321850817272094
4 0.4031618991434803 0.36371708679586723 0.07969232174750368 0.20216444205140457
3 0.43388588559120206 0.29807132119374263 0.047488697704120224 0.14227926721201706
3 0.3887484998631603 0.6260384365979005 0.08401812021691717 0.29569175557299465
0 0.4125335735238971 0.5432321363252252 0.033389794597334 0.11326700321978517
3 0.4294059146317982 0.4357653013819995 0.04343051940601072 0.12541862035709375
4 0.49875722660787675 0.6182039814208392 0.029372341107901094 0.10807302303152824
0 0.5165856006284536 0.6664977372403504 0.030343251958846396 0.09978818474525913
0 0.5146040542091128 0.2316674699050751 0.042465426384876534 0.13537012531002943
3 0.5654113990978671 0.5708123941244037 0.03019780621357245 0.05812151807859247
3 0.659812829354823 0.4512538597003695 0.02326762017130386 0.07778205274914304
3 0.6660484514621666 0.3834628894179844 0.02728507366073677 0.08297603293739987
3 0.5361560813136693 0.35893391220299614 0.03657596515128444 0.16674582169431099
3 0.5482317131012117 0.3366853049715592 0.026575965151284436 0.16626087122366906
3 0.44969356384369835 0.49560448625051684 0.043628325619583165 0.18208528702376042
3 0.6416961393948617 0.6287691896906596 0.029349069788657287 0.10140635636486157
2 0.42878731584815793 0.1833380439525957 0.08354105817241884 0.15902508890632802