4 0.31023372934702714 0.8641480806383064 0.12247861921980689 0.2436508205650163
3 0.37672866804793553 0.9553358966354574 0.053488741817990106 0.04975133463843766
3 0.4099344625937016 0.8775237196975919 0.06358841090846784 0.15527514618081417
3 0.3925704368797549 0.7959840408586148 0.05220439948004696 0.1179682654067985
3 0.6305653755806632 0.8771903369093744 0.032396405194257565 0.13513757309040708
4 0.3984186620763849 0.35120626072584255 0.08418188311602716 0.2131058384972055
3 0.43069427688186385 0.28011895173712975 0.05057095584353965 0.152851862841826
3 0.38382493038693305 0.6297247831693519 0.08824664207664841 0.3149471090113309
0 0.40942599454312983 0.542349115850133 0.03425676467483163 0.12192064232204605
3 0.42723032259554694 0.42707662481622766 0.046378950129329154 0.1342857243785477
4 0.5013511129843253 0.6253861324772179 0.03118694441511889 0.11507937180792074
0 0.5209009475295643 0.6767803081099792 0.03206475896062125 0.10347090642374042
0 0.5170222568821276 0.21088877349415963 0.04548368051889838 0.1442275230960615
3 0.5728710986987994 0.5753623068048749 0.03264583740234411 0.06352910770622656
3 0.6736143340239678 0.4494257759912777 0.024872753246410865 0.08473016411300326
3 0.6793637662320543 0.37738080098845045 0.028907663376267465 0.08829630257628159
3 0.5404710272711696 0.3479416786127955 0.03785023688239107 0.17876191283617154
3 0.5532266563621745 0.323851728607141 0.028867691947319144 0.179904767960462
3 0.4484285251926757 0.49255016519192624 0.046007332466745085 0.19422752309606153
3 0.6545867563608564 0.6389813362568223 0.03011712415540592 0.10835450385876773
2 0.42541132960963984 0.15785175686707473 0.08972805142789354 0.1701217128587897