4 0.2795 0.8466666666666667 0.176 0.155
3 0.191 0.755 0.1345 0.07333333333333333
3 0.286 0.6941666666666667 0.0785 0.08
3 0.3335 0.7108333333333333 0.0585 0.06833333333333333
3 0.8725 0.8316666666666667 0.123 0.15833333333333333
3 0.147 0.44166666666666665 0.071 0.055
3 0.2495 0.3591666666666667 0.0815 0.034166666666666665
4 0.5755 0.6441666666666667 0.109 0.105
3 0.609 0.5858333333333333 0.0795 0.06
3 0.425 0.7016666666666667 0.165 0.09833333333333333
0 0.4695 0.6525 0.0635 0.03833333333333333
3 0.5295 0.6108333333333333 0.069 0.055
4 0.4105 0.5233333333333333 0.061 0.034166666666666665
0 0.38 0.5 0.0545 0.03666666666666667
0 0.8265 0.4533333333333333 0.0765 0.049166666666666664
0 0.6345 0.44666666666666666 0.0745 0.051666666666666666
3 0.4275 0.4091666666666667 0.0305 0.04416666666666667
3 0.482 0.24 0.0435 0.0275
3 0.5205 0.22166666666666668 0.046 0.034166666666666665
3 0.874 0.4816666666666667 0.06 0.0575
3 0.88 0.43083333333333335 0.0835 0.03916666666666667
3 0.919 0.5108333333333334 0.137 0.06666666666666667
3 0.5565 0.42916666666666664 0.0955 0.0375
3 0.568 0.4066666666666667 0.097 0.020833333333333332
3 0.491 0.5866666666666667 0.103 0.0475
3 0.3815 0.2925 0.0575 0.035
2 0.677 0.5783333333333334 0.083 0.11833333333333333