3 0.48973956909179583 0.21106271288834993 0.05041892155827713 0.04048481915091296
3 0.36186795142921163 0.15230869810619624 0.03975056779191334 0.07204482560437876
3 0.2378144506506003 0.3018298383592663 0.022099669090477732 0.10520362404338338
3 0.4866601451976845 0.6960433201223134 0.0348203880516262 0.07866301035595408
3 0.5793884561074704 0.8642936785937546 0.05294257350612361 0.09050421191694946
3 0.41166608259871046 0.31430933438075587 0.023349101298564393 0.033556350142753315
0 0.48178826805320796 0.3019639209028111 0.029593472207559444 0.05694786177419625
2 0.6106449613004097 0.40987005777710406 0.07289020831133916 0.08569813957731469
2 0.37301683844488626 0.8063008298785342 0.029698202597128784 0.06694786177419625
2 0.5110751410406968 0.4175015145540875 0.04751859064875498 0.14544603361883995
3 0.5469245018211536 0.7179566889497089 0.048907663376267466 0.08713209305154312
2 0.42838680155985903 0.34081116253611216 0.022471286753061804 0.04521332042640173