5 0.1525 0.15260450532271053 0.051 0.10247324740027386
5 0.1325 0.48774107293066116 0.032 0.06655184150605427
5 0.134 0.33183499702673147 0.041 0.1103216302629653
5 0.0125 0.4960604785783643 0.025 0.06454570950993817
5 0.038 0.4473238548782274 0.033 0.04993366988645183
5 0.0145 0.41263015515090257 0.025 0.054545709509938166
5 0.041 0.36801170307036807 0.037 0.028460983408041804
5 0.0165 0.5633664983901074 0.033 0.04326700321978516
5 0.055 0.506499439078136 0.043 0.03708528702376024
5 0.082 0.4426900728074028 0.021 0.0760183959883481
5 0.244 0.4640005418496702 0.094 0.07955853442403414
5 0.2715 0.6468335947220716 0.041 0.1203216302629653
5 0.3865 0.5112566643096894 0.051 0.0624732474002739
5 0.468 0.49813765130729093 0.113 0.08381327365158711
5 0.509 0.5994826877109922 0.112 0.0970981119378564
5 0.646 0.5386721995965312 0.082 0.053976593859263934
5 0.718 0.5393472228745759 0.063 0.16472185463171096
5 0.7665 0.6319952130919626 0.052 0.10918840911400479
5 0.809 0.6332675069250677 0.069 0.048346158247429306
5 0.9105 0.5783452596480521 0.045 0.1371822771178887
5 0.9525 0.588808467671356 0.06 0.09457636949051827
5 0.86 0.5816275928581273 0.064 0.056437016345441675