3 0.5747514971416893 0.6761046717903355 0.08011721240106681 0.0869003576056006
5 0.5436338666859781 0.5576946226422527 0.045187038176133225 0.08884323714742304
1 0.5387680835257334 0.10199230875712693 0.05228013920955573 0.09612132790572517
5 0.3157680835257333 0.08251408412359663 0.02353533094217778 0.040342298205849926
5 0.4488811832812226 0.8174243455432867 0.017698257750666697 0.051484887079686056
5 0.3577643889348004 0.7653528388347614 0.054537003160755604 0.1862086742045301
5 0.3320066888743114 0.6016335341461756 0.03004738662600005 0.07753304266534694
5 0.28801749039420027 0.5270443099642242 0.0319775608509334 0.07270773526295708
5 0.24191066145837795 0.33657807929953715 0.02786118455915562 0.06402501673440356
5 0.3109002779931336 0.4491406211355459 0.04216376291777783 0.08691453158434115
5 0.3285565838281782 0.8909784369051374 0.024837909300799994 0.06209631117132176
5 0.2917589542244224 0.29432240072252647 0.03023358869284448 0.09086637599868036