3 0.5463066869294485 0.3025788645418881 0.07620112672988785 0.0728706151971853
5 0.5172167540485602 0.4177347296886659 0.04246316562630295 0.07988501722370378
1 0.5193286925385543 0.8587807227991844 0.05072520452271806 0.08852868733511135
5 0.3031997991871577 0.8871404197585552 0.023257786702793055 0.04085342613970397
5 0.42210412483065785 0.17089698237303644 0.015519825599208162 0.04887642269496297
5 0.3340318914521666 0.22425249878596248 0.05150281682471927 0.17678443647392603
5 0.3110269485306362 0.38411742320329584 0.027201126729887733 0.07096980243148153
5 0.26977341402146543 0.4572969816630737 0.030096311171321645 0.06775284538992593
5 0.22745615052104784 0.6437128932130366 0.025834272274906426 0.059264343667555675
5 0.29291506395372857 0.5313077831829625 0.040515573405585995 0.08147409969585188
5 0.30433145545018714 0.10471870071081439 0.022834272274906427 0.05914796737577781
5 0.27669836381825486 0.6817538923014441 0.028620388964152085 0.08434192786207405