3 0.3732963491656043 0.9240220727319062 0.0563879780662694 0.06990428917687268
3 0.30669232368370053 0.5430160813890018 0.03568905765662953 0.049322453679265736
3 0.4479974014999741 0.4015450541178323 0.018863787759039498 0.05382789350629954
3 0.6349396247078001 0.48351761689056344 0.03345608418674965 0.042597603462838265
3 0.6365946293041894 0.4218654961113369 0.030931893879519747 0.027539419913077456
3 0.6826000272559904 0.5204254532547589 0.031281354084339456 0.03753941991307746
0 0.4835265231837091 0.3996789627762461 0.019223110716869656 0.03552365194784651
3 0.4385986275301028 0.2702856722994907 0.025339597451809595 0.03903153593046208
2 0.5108912440933403 0.517095905200848 0.026863787759039498 0.05406062770534239
2 0.5249490208855144 0.429275895677164 0.04245608418674965 0.04285942943676142
2 0.6911134216596183 0.3053963614798786 0.02887365051204961 0.02581456969665017
2 0.5039485543102186 0.34414076494095935 0.016873650512049834 0.0254654683980858
3 0.4952348397710633 0.3219171368023228 0.010698920409639868 0.02029091774880366
3 0.5053745836626415 0.13181531559024157 0.027990137246989663 0.029118811255103103