3 0.5172593043781997 0.7230568898028298 0.07497756085093328 0.07358863348275027
5 0.5039583982381552 0.6006627974302002 0.04109393714271119 0.08027313521590107
1 0.5686147040731998 0.1626664243501222 0.04818703817613323 0.08727926721201706
5 0.35370864121591106 0.07385816085092316 0.022558606200533404 0.04106689103541224
5 0.3727929631017996 0.8211220980726502 0.015674982492311074 0.049060759039296235
5 0.2918287120986218 0.7429788375467197 0.04746717738568896 0.17884894378455538
5 0.29113296267582195 0.5778333524055271 0.02600083610928891 0.0728790428432715
5 0.2597967255935998 0.4929239300426075 0.029931010334222265 0.06807302303152823
5 0.24303156845037763 0.2961449432915224 0.02481463404244448 0.05949721446287393
5 0.2932510111861775 0.4261666857388604 0.0381172124010667 0.08179431674137513
5 0.24374599453044402 0.8540571511915681 0.02181463404244448 0.05935172932168143
5 0.29790397258406653 0.27212125668985426 0.026187038176133343 0.08621237617660484