3 0.404 0.9183333333333333 0.0505 0.0625
3 0.332 0.5525 0.032 0.043333333333333335
3 0.4625 0.4266666666666667 0.0155 0.05
3 0.642 0.5141666666666667 0.031 0.0375
3 0.642 0.455 0.0285 0.023333333333333334
3 0.688 0.5516666666666666 0.0285 0.03333333333333333
0 0.4965 0.42583333333333334 0.0175 0.03333333333333333
3 0.451 0.3 0.022 0.03666666666666667
2 0.525 0.5391666666666667 0.0225 0.05
2 0.536 0.4558333333333333 0.039 0.0375
2 0.691 0.3475 0.027 0.023333333333333334
2 0.5145 0.375 0.0155 0.024166666666666666
3 0.5055 0.3525 0.0095 0.019166666666666665
3 0.511 0.1725 0.0255 0.02666666666666667