3 0.5148539445694523 0.318599252853778 0.04576825692881857 0.03884894378455537
3 0.6331396618830167 0.28679742088382065 0.037396830779669925 0.06841248836097767
3 0.7330142530135053 0.44095907739809925 0.02199048386102959 0.09596990094128387
3 0.481274544501598 0.7507444575340385 0.03250159308814523 0.0731700131256567
3 0.38582373947954535 0.8870919990139341 0.048711117705095605 0.08394593387868364
3 0.5767237776304558 0.423369602532553 0.021628573850851353 0.0310183959883481
0 0.5146428268643567 0.40033866209104096 0.02808254385424425 0.05297603293739996
2 0.39194916954400694 0.47530409472960683 0.06564127616611222 0.08143701634544186
2 0.574417392560905 0.8678757345286691 0.028292068471194625 0.06297603293739977
2 0.48004758069485187 0.49876257306145466 0.04479366155933985 0.13537012531002954
3 0.4255126387304099 0.7605529824219759 0.045641276166112105 0.08046711540415781
2 0.559269807627063 0.44421185339912844 0.020873019237293646 0.04263656760795054