3 0.179 0.695 0.0425 0.05416666666666667
3 0.373 0.475 0.0195 0.0725
3 0.345 0.2825 0.038 0.05583333333333333
3 0.428 0.105 0.055 0.028333333333333332
3 0.6325 0.49333333333333335 0.0415 0.0475
3 0.721 0.6391666666666667 0.0465 0.075
3 0.4305 0.36333333333333334 0.017 0.0325
0 0.422 0.4683333333333333 0.0295 0.041666666666666664
2 0.476 0.6641666666666667 0.044 0.10333333333333333
2 0.695 0.32916666666666666 0.035 0.041666666666666664
2 0.483 0.5166666666666667 0.077 0.06416666666666666
3 0.643 0.5841666666666666 0.045 0.06833333333333333
2 0.444 0.3908333333333333 0.023 0.03166666666666667