3 0.4947449762088399 0.686693744475771 0.09797873903188895 0.1655525743582344
1 0.6897577327897065 0.5763237474550139 0.054463165626302955 0.08236989820747151
1 0.6265225885108412 0.7650132918713384 0.055725204522718286 0.09078085778838461
3 0.7380098319299745 0.8515908440089538 0.08919687453626557 0.10834252395851043
1 0.13285404396102818 0.6863834865186665 0.07019687453626551 0.10686762525449846
4 0.28360050945185744 0.602840003972324 0.08051132121196372 0.11764388773029433
4 0.17434766567059484 0.7307784366154833 0.10271670013547372 0.157607372262799
4 0.08007924848374633 0.7773584099259998 0.08509205897769942 0.10469868563485912
2 0.9549504090454364 0.3704605445898543 0.09009918190912732 0.20284025100553768
2 0.9647691079147568 0.2624171608567972 0.07046178417048646 0.07233338273997608
3 0.3112988193570258 0.49543359029735695 0.034834272274906423 0.06089499950345953