3 0.1710265517946441 0.6983569865829492 0.04583790930079999 0.06393058344622811
3 0.3729131018853775 0.43851874627014314 0.023093937142711185 0.08025495190704494
3 0.3416944952588665 0.2423218537628488 0.041837909300799996 0.06358119825100782
3 0.4278711499697555 0.04336177114595888 0.05946550516711113 0.0384867649628324
3 0.6448665513686664 0.4180938863284978 0.04574480826737772 0.05726391677956144
3 0.7387950533750219 0.5580419749765446 0.052140487659422204 0.08612132790572521
3 0.4320889204869776 0.3134963340888517 0.019488780425466642 0.0366595796772963
0 0.4235527534355109 0.4241077581804871 0.03262843197560005 0.047795081561762154
2 0.4822248095453108 0.6212359608039755 0.04958271756817783 0.11752595567597666
2 0.7093104534959999 0.23767841580258353 0.03862843197560005 0.04831915935459259
2 0.48788940857237756 0.4659302487581577 0.0820008361092889 0.07874171686987723
3 0.6565282240132219 0.5127917177773652 0.04904738662599993 0.07919262234264333
2 0.4467048787241109 0.33968613960677563 0.025488780425466644 0.03718365747012674