3 0.5035 0.4326376790651583 0.047 0.06606879361018685
3 0.5965 0.2530503983363792 0.031 0.09513757309040699
1 0.5075 0.27703715086177 0.028 0.03662963590961491
1 0.5575 0.3241138816527489 0.032 0.0368624410395599
4 0.72 0.15357159005676393 0.035 0.060370378220351975
1 0.7285 0.1282329676245637 0.032 0.03852910770622657
4 0.662 0.15352924900589499 0.031 0.051804239757073656
4 0.763 0.13440757853700586 0.042 0.074111120531089
3 0.8165 0.13502134715002007 0.026 0.07484656667797575
2 0.6835 0.9943519264266769 0.037 0.011296147146646262
2 0.3225 0.3162699136018144 0.164 0.21287834366107775
2 0.304 0.3451931898758188 0.122 0.1687672231299887
4 0.3115 0.39479636616113234 0.058 0.08337567438420232
2 0.2435 0.5325053456187343 0.06 0.10849207694917481
2 0.246 0.4501508488249499 0.051 0.0679682654067985
2 0.253 0.4205582578023536 0.056 0.05659260515256316