3 0.35331753668656685 0.961978828010623 0.05853651385763692 0.07604234397875416
3 0.27319210662210514 0.5468723689974853 0.038047623084752444 0.051794316741375045
3 0.4189508262170029 0.4232405501531846 0.019187306162719436 0.05753957751382207
3 0.6187381366187124 0.5419849886150295 0.035907940006785335 0.045030659980580104
3 0.6183587662237884 0.4762001503287604 0.03359365308135966 0.029933669886451828
3 0.6696809973949897 0.5894097409682392 0.03380317769831027 0.03993366988645183
0 0.45646828660174876 0.4258924477514252 0.021803177698310264 0.03935172932168143
3 0.40600002119495027 0.28192226634920936 0.025873019237293647 0.0428790428432715
2 0.4886571858526134 0.5556563849731523 0.02722222693221113 0.0595942045570024
2 0.5002190831458214 0.4638110681085189 0.04594286077627726 0.0471822771178887
2 0.672914312359366 0.36229770134475264 0.03159365308135966 0.029836679792323365
2 0.47631590120852113 0.3719108437397733 0.01959365308135966 0.02925473922755297
3 0.46629208966614494 0.34645014079266345 0.01045397000339267 0.0221516171373086
3 0.47261905771188106 0.1477926721201708 0.029663494620343272 0.03307302303152824