3 0.2462964766218873 0.3789685296822826 0.04190766337626729 0.08945103663356804
3 0.46183897870038115 0.25453865040141105 0.028576017142631145 0.0569015209530058
3 0.5465470444138006 0.4709746793998509 0.03131419116870802 0.032105255340828004
3 0.5067413212956645 0.7730544865077348 0.024558562077702958 0.054963208435909794
3 0.5422151386982722 0.7729653434302958 0.015523651947846474 0.05101867193911024
3 0.48707916441221893 0.8516623015242841 0.021523651947846473 0.05142614071475426
0 0.5496492441538241 0.5286444580563693 0.021331646233636092 0.03309280738142111
3 0.6222852184398774 0.45113595055800954 0.023401466493349062 0.039895296973302456
2 0.4832078062315271 0.57742772339501 0.031418921558277135 0.04210525534082781
2 0.534356174283417 0.5950578746546515 0.024698202597128783 0.06829654176924313
2 0.6100180716849702 0.8541820780916549 0.015488741817990103 0.04768533860577691
2 0.5809285251926757 0.5574163800638638 0.015296736103779723 0.02935200527244357
3 0.5937627020758577 0.542465895744426 0.013192005714210382 0.0192161823472289
3 0.7032539745433934 0.5490688675665977 0.017471286753061803 0.046154494864324914