3 0.557 0.5033333333333333 0.033 0.07166666666666667
3 0.675 0.37083333333333335 0.0525 0.04083333333333333
1 0.649 0.5125 0.017 0.041666666666666664
1 0.628 0.4266666666666667 0.0185 0.049166666666666664
4 0.7505 0.18 0.0315 0.051666666666666666
1 0.7665 0.16916666666666666 0.0185 0.04833333333333333
4 0.7425 0.27416666666666667 0.0265 0.04666666666666667
4 0.7675 0.11166666666666666 0.0385 0.06333333333333334
3 0.775 0.021666666666666667 0.042 0.043333333333333335
2 0.237 0.14916666666666667 0.032 0.055
2 0.601 0.8091666666666667 0.1045 0.2525
2 0.581 0.8366666666666667 0.085 0.18583333333333332
4 0.553 0.8191666666666667 0.0425 0.0875
2 0.4625 0.9158333333333334 0.057 0.0875
2 0.5115 0.9191666666666667 0.0335 0.07833333333333334
2 0.53 0.9116666666666666 0.026 0.0875
4 0.0815 0.6 0.0445 0.0975
2 0.824 0.115 0.0385 0.0575
2 0.854 0.015833333333333335 0.0425 0.03166666666666667