3 0.4895 0.5408164527057386 0.05 0.07318694728916512
3 0.552 0.7580827685942819 0.034 0.09830045748996573
1 0.469 0.6978064344276297 0.028 0.0393846904819325
1 0.525 0.6707037201304312 0.033 0.04153671854418235
4 0.6565 0.9062720487599264 0.037 0.06359167432731586
1 0.6605 0.9267170929767933 0.033 0.02153671854418235
4 0.6 0.8842566325300166 0.033 0.05653671854418235
4 0.696 0.9191043604014859 0.046 0.031131991506031985
2 0.759 0.029940858129956064 0.039 0.05988171625991213
2 0.2945 0.5847455471334831 0.172 0.23669643200806187
2 0.2805 0.5469378923744495 0.128 0.18742525172692978
4 0.296 0.5020999387148082 0.06 0.09249100341366519
2 0.251 0.3356348579417236 0.063 0.11944888691768162
2 0.241 0.4199389140662233 0.053 0.07347816412651526
2 0.2425 0.4522933056475483 0.058 0.06396352552209843