3 0.5325 0.3016666666666667 0.081 0.14
1 0.334 0.3541666666666667 0.0455 0.06916666666666667
1 0.4145 0.19 0.0475 0.075
3 0.316 0.07666666666666666 0.0775 0.08416666666666667
1 0.88 0.4008333333333333 0.0595 0.08833333333333333
4 0.7265 0.43916666666666665 0.0685 0.09583333333333334
4 0.8445 0.3458333333333333 0.0865 0.12916666666666668
4 0.949 0.3275 0.093 0.08166666666666667
2 0.047 0.475 0.094 0.17166666666666666
2 0.0355 0.5791666666666667 0.0705 0.050833333333333335
3 0.689 0.5341666666666667 0.0285 0.05333333333333334