3 0.38713519584037615 0.9163396154106073 0.053698202597128784 0.0671805749666343
3 0.31713798597181425 0.5353129100231457 0.0344887418179901 0.046996343689287415
3 0.4528463111671262 0.4106511722163109 0.01755856207770296 0.053498171844643706
3 0.6374110701277476 0.5105385525991271 0.03341892155827736 0.04031998063960259
3 0.6382739602578674 0.4496906746912663 0.03026182597392335 0.02529089149054774
3 0.6848561742834169 0.5525828225972689 0.03136655636349269 0.035300587873565895
0 0.48837249376451847 0.41280695061916267 0.019384011428420764 0.03685089794401354
3 0.44248481610272516 0.2807384396634752 0.024401466493349063 0.038566046525771565
2 0.5166118033744219 0.530878481611003 0.025558562077703073 0.05357574290878991
2 0.5287215950630829 0.4457524286317657 0.04141892155827714 0.040397551703748605
2 0.6901481085699974 0.3416767663912986 0.028261825973923353 0.025271498724511236
2 0.5073313867517437 0.36095120448363993 0.017279281038851537 0.02683150517797704
3 0.4985870158427487 0.33770029040596183 0.010209460779138566 0.020096963830182613
3 0.5056407761032524 0.15177968962546418 0.027296736103779723 0.02859513567482632