3 0.5028906627363109 0.4460822596090441 0.04786118455915562 0.06577194271050492
3 0.4388349829182888 0.22939672425577115 0.031280139209555614 0.09428705563081877
1 0.5210203488758444 0.29497980038992516 0.028465505167111133 0.035779029699875294
1 0.466671220000511 0.3152631002544515 0.03248878042546664 0.03779508156176215
4 0.33437156802439993 0.074261010099698 0.034814634042444365 0.061303107492705684
1 0.3297672474164444 0.04549094527233932 0.03246550516711113 0.03612841489509554
4 0.39005735203659997 0.10165240283278185 0.031698257750666696 0.05270773526295713
4 0.2956974216413778 0.04752117111296699 0.04260515671724443 0.047001877883146206
3 0.2423370731915111 0.032848144126895816 0.02932585361697778 0.025866375998680326
2 0.25046627337553284 0.9204720765857329 0.036814634042444484 0.06147780009031597
2 0.6919725441951998 0.4208803702671329 0.1647930310026668 0.2141501004064211
2 0.7059604885113775 0.45881355826647297 0.12225770006048901 0.17214822252327489
4 0.6918436941649554 0.5018010498992712 0.058117212401066806 0.08497873903188899
2 0.7380976317336441 0.6668706787246503 0.06046634127640004 0.11015343162949913
2 0.7462264817638886 0.5866487694829525 0.05090773507586664 0.06936731494025329
2 0.7441687116726441 0.5547637370692733 0.0557215330090221 0.05647071310094551