3 0.49862812285552344 0.37018586589342317 0.046628382337415814 0.06223077216495294
3 0.40954224259660144 0.17523826832134126 0.028960028571051906 0.09302452798446405
1 0.4994611641548787 0.210897961609096 0.027331646233636094 0.03297603293739987
1 0.4468713581806918 0.25263486577016486 0.03134910129856439 0.03483667979232337
4 0.2867505677919133 0.057797083206307415 0.03357601714263114 0.05660033655311838
1 0.2794538316881336 0.02980321520242343 0.03134910129856439 0.03483667979232332
4 0.34586402571394675 0.06576920876285336 0.03050619688291829 0.04978818474525914
4 0.243980014285526 0.03402478937320229 0.04166329246727224 0.06532163026296525
3 0.19596255922059777 0.03468588496561689 0.011558562077702958 0.053866778851039465
2 0.29605411739865334 0.9461304165396408 0.03561092727248763 0.06003065998057991
2 0.686220459479256 0.274377882855156 0.1629724223368885 0.19614103591066842
2 0.7050695607778205 0.3068140578178018 0.12060586597339602 0.1591042439339723
4 0.6950844851932029 0.35648992247864253 0.056802932986698126 0.07938238930226153
2 0.7601728961016706 0.505077153656733 0.05708221402554955 0.10604905596892801
2 0.7597914153227957 0.4208862394665342 0.049628382337415816 0.06237625730614544
2 0.7539684966216237 0.39031962889205385 0.05550619688291818 0.05100056092186397