3 0.4947371627439968 0.7057598165171476 0.04693151497095505 0.035117769807259266
3 0.37411114732615547 0.7596591190494439 0.03790960569045774 0.06972984883466665
3 0.2575357693282274 0.6181898966577775 0.020701393415769417 0.09736492441733333
3 0.49347540764191367 0.2486470407319993 0.032049332936100884 0.07449709625111116
3 0.5811438630269731 0.09007816778414734 0.050282211678839756 0.08352868733511118
3 0.42141932995685805 0.607661326040592 0.021838363473859545 0.030814634042444597
0 0.4878385116937878 0.6201010476214809 0.027490423953527965 0.05434192786207404
2 0.6091604061522923 0.5194574942279991 0.06814248443319638 0.07922694508577782
2 0.38642469611203617 0.14351475218029577 0.027723302696266727 0.06267526119540748
2 0.515834375912458 0.5113984926064438 0.04377263563236761 0.13655168389037045
3 0.5504863622821623 0.22891649513959186 0.04623563593029189 0.08170685227940747
2 0.4377439816029157 0.582835193720518 0.02111781796514606 0.04077584194518522