3 0.4025416017618447 0.6064568880034781 0.03965254334324447 0.12128313074135746
5 0.47105282133637805 0.5768130990864692 0.04588445981751113 0.06682651447441458
1 0.7307394414578668 0.6460849638762475 0.04904738662599993 0.07872605988381982
5 0.8511213929475113 0.5039275125380794 0.04576808352573335 0.05849318114108125
5 0.7493167243156668 0.2954091806943676 0.023488780425466756 0.036785403694330324
5 0.05199003458940007 0.14638131237897906 0.08209393714271115 0.0846210593872794
5 0.11174857075917796 0.3841005287005587 0.04367498249231113 0.05167126197925531
5 0.3255041805464446 0.3832125456825891 0.027302578358622213 0.02376257535131534
5 0.3575723341029335 0.24751850476696158 0.10190773507586665 0.07284025100553776
5 0.4517697557443112 0.2331875184965653 0.04153533094217778 0.04151600948409614
5 0.4959318464435112 0.17668069963764646 0.03958188145888903 0.04469409032227029
5 0.6057219510636667 0.13442506666185683 0.033488780425466755 0.0375616661701262
5 0.5390602784191112 0.22497981515977863 0.045814634042444596 0.061826514474414486
5 0.28671114954377785 0.1804180007697242 0.034442229908755506 0.0343059590843724
5 0.6274089892398002 0.2210164047372383 0.04955860620053318 0.04380368613139941