5 0.566886779292131 0.5528070429692863 0.04697041174096921 0.08884323714742304
5 0.35104811499091304 0.7810187462701431 0.04267919490361919 0.08016051861886941
5 0.45294102443368756 0.7181174497229695 0.037980274493979435 0.059811133423649306
5 0.6670457821144339 0.32556084366315075 0.04257257092168948 0.04858119825100782
5 0.21761668768668924 0.9048300919653994 0.052689057656629526 0.05278799457239188
5 0.24052439125897912 0.8911981335756187 0.04444622143373931 0.0736685445498127
5 0.2721601369246438 0.8560340714620641 0.042630814289159505 0.05024786491767448
5 0.2630530463674182 0.8028282140822532 0.029504464801209336 0.07402501673440345
5 0.2928541259577785 0.8201641519686986 0.027805544391569584 0.05393767043559857
5 0.2985091305541679 0.7581917732562143 0.04497041174096921 0.08866854454981289
5 0.3228052787680229 0.7618851222688234 0.033271491331329346 0.06770773526295708
5 0.3765041991776627 0.7372557684321548 0.03892203112650941 0.05823181305578752
5 0.3688729183132073 0.6988752184547338 0.02228135408433968 0.03850093894157302
5 0.4408971086204372 0.6776299580901713 0.0353395974518096 0.04130310749270563
5 0.4305673739216378 0.7449953951472785 0.023048380614459688 0.03192161857371161
5 0.41878108846079304 0.7684562044341343 0.02316486734939963 0.035254951907044946
5 0.45278108846079307 0.765486430274762 0.029223110716869654 0.037445696366542054
5 0.47321791371681793 0.7512395042986606 0.021339597451809595 0.0400802593094348
5 0.48242129892766694 0.6590487598391636 0.038281354084339685 0.03989847972245419
5 0.46269325683429224 0.6815416728497932 0.014931893879519749 0.027889514849937694
5 0.4943240711234517 0.6322546172189744 0.03528135408433968 0.03963644082603897
5 0.5098482614306816 0.6159444227368984 0.024339597451809594 0.04034229820584983
5 0.4993437966294723 0.6883098597940056 0.02868905765662953 0.05069168340107012
5 0.4763487280059775 0.7044418181837864 0.028630814289159617 0.04902501673440345
5 0.532979542295137 0.6529711050828408 0.034514327554219563 0.04621576119390056
5 0.5394405578583917 0.6249907004394131 0.02099013724698966 0.0300802593094348
5 0.5517608963794767 0.6147758781870856 0.016815407144579693 0.024730874114214506
5 0.513154272397547 0.6497180310589423 0.01768905765662953 0.04973087411421451
5 0.589648874445746 0.5433417512461722 0.027805544391569584 0.05393767043559857
5 0.5987850866867066 0.5957142752926499 0.024572570921689477 0.0470089648725165
5 0.6149400912830959 0.5328247604427122 0.031339597451809593 0.04095372229748534
5 0.6180131287800813 0.5732650354314228 0.03045608418674965 0.0441997093320136
5 0.6528428634788807 0.5037596140535914 0.012757163777109781 0.022714822252327547
5 0.63611435481021 0.44041919373088767 0.023630814289159387 0.04858828524037809
5 0.6502017198614148 0.4366963455476167 0.02274730102409967 0.05183427227490635
5 0.6561242175632203 0.46691825478931454 0.01699013724698966 0.029730874114214507
5 0.6721484078704502 0.450564387157836 0.023339597451809597 0.04025495190704494
5 0.6674638150150299 0.42771145846793046 0.01916486734939963 0.034905566711824654
5 0.6925659741957502 0.46539678154959613 0.019106623981929714 0.03323890004515798
5 0.6778957088945496 0.4002150019626157 0.03815500459638952 0.06481113342364911
5 0.6775314545602144 0.3678460214108233 0.023397840819279737 0.04192161857371152