5 0.4857019854849615 0.317010589122086 0.05356270816867925 0.07679681792630826
5 0.31892369647594365 0.6215309180035871 0.04721324796385943 0.06638934915066405
5 0.37112355003617514 0.4659593422369977 0.035038517861449466 0.06057441159937601
5 0.6357656268042325 0.2082528462785243 0.02844622143373931 0.07176569802779113
5 0.10000966180126102 0.8970147314780631 0.03292203112650947 0.057105255340827624
5 0.11128655108439137 0.8611658381954712 0.031164867349399685 0.03537067721155381
5 0.12309256205125671 0.8261163225149091 0.0326890576566295 0.05043858867416134
5 0.1910585089910166 0.8348656321222461 0.027863787759039495 0.05509903136112446
5 0.1676848584789668 0.8113936400309115 0.03868905765662953 0.05084605744980536
5 0.14656837174402687 0.8094864474123326 0.0266308142891595 0.048364453231850464
5 0.22238871026511176 0.8135257986521442 0.0380868984759091 0.09071023452459069
5 0.23825296459944706 0.7798713037878193 0.04444622143373931 0.07285228142950871
5 0.2642677587289625 0.7355037385661172 0.029387978066269284 0.0701669428237318
5 0.29387438271089217 0.7652349285484743 0.044572570921689474 0.04792019289211604
5 0.2879232299006478 0.7096732410655704 0.032456084186749536 0.04377192200749467
5 0.3252726901054676 0.7171605169490984 0.05344622143373931 0.07346348459297493
5 0.3263166059187181 0.6753240716259133 0.04080554439156958 0.05431521370835336
5 0.34843355922895386 0.5911262850607295 0.03515500459638929 0.06390774493270934
5 0.37074896637353366 0.6129995219480048 0.024164867349399627 0.034895296973302264
5 0.3932592957018399 0.49703320152224345 0.025038517861449464 0.059895296973302266
5 0.35217193065063485 0.49731757148914485 0.01928135408433968 0.03788907299359911
5 0.3361087559066597 0.5109381106221662 0.021339597451809595 0.03969156258548045
5 0.3420993597289453 0.4528948189213073 0.0226308142891595 0.048092807381420924
5 0.35410922248195553 0.4236786365740784 0.025106623981929716 0.033296541769243126
5 0.4100460477379804 0.43240955039937035 0.02421324796385943 0.06482738551069511
5 0.3939488199337651 0.45939737859702867 0.01575716377710978 0.022685338605776907
5 0.42810922248195554 0.4186531883411344 0.022980274493979436 0.05809280738142102
5 0.43988118038858076 0.3969709617252092 0.023339597451809597 0.03982738551069512
5 0.3957355719699058 0.395792399413266 0.030630814289159616 0.04863609908227981
5 0.3824295610030405 0.4309437822877392 0.029572570921689474 0.04690152095300581
5 0.4206338793644812 0.3481594123208378 0.02692203112650941 0.056697786565183796
5 0.43854651431327624 0.34443700599390553 0.01916486734939963 0.03455573966026558
5 0.44590583727110644 0.32556038095971335 0.013873650512049722 0.025882849013895565
5 0.41982786839761593 0.3824619019127192 0.02987365051204972 0.026969432415613143
5 0.4944788747680918 0.2813314744960125 0.03145608418674965 0.043704010544887144
5 0.46437225078616223 0.251634240244959 0.028339597451809594 0.0401669428237318
5 0.5040810339488122 0.24058444840733165 0.024863787759039496 0.05489529697330236
5 0.4794694785903774 0.22471432350990805 0.0266308142891595 0.048364453231850464
5 0.5261881245060379 0.18478790663808856 0.013640677042169955 0.0192161823472289
5 0.5623480604789324 0.22994496117813498 0.029281354084339684 0.03856818761967247
5 0.5665326533343525 0.20627207053176483 0.03122311071686954 0.037037343878220524
5 0.5493919762921828 0.1890592763314528 0.016873650512049608 0.026086583401717576
5 0.5611056908313381 0.16571038304886093 0.025281354084339454 0.038296541769243075
5 0.5741590028223029 0.18069482309960236 0.0210483806144598 0.03135822925214702
5 0.5552660933795284 0.12768265129726064 0.021106623981929716 0.03302489591881368
5 0.5923095426174829 0.16943846104136637 0.039096761228919606 0.06251272411647198
5 0.6116881245060378 0.17898147658516006 0.025281354084339454 0.038296541769243124