0 0.34520468819560174 0.18307120458177403 0.12880450691955092 0.29048155585660823
0 0.3224752314792614 0.2362369323068676 0.11269969136098484 0.2857506817423938
0 0.36237535884222577 0.08346071943171166 0.0872492823155485 0.1106704224329591
0 0.39097592220716954 0.050862742648851045 0.07604815558566087 0.03988430574371349
0 0.2899497722306145 0.6328233396640995 0.1272365257346819 0.20890223548874662
0 0.3455425758493086 0.9279183934864371 0.06597873903188883 0.14416321302712579
0 0.3601325087301969 0.8244616583732849 0.013157223337849131 0.0061355018844657635
0 0.3974469554058952 0.8176934714290723 0.06602689461754971 0.19690744459497067
0 0.34862469507086075 0.5685917388799193 0.1041317101761158 0.2035599372828968
0 0.4018322000911818 0.5506774195671854 0.07618411795539885 0.20278090758302142
0 0.42458786069716364 0.4966783585087584 0.05614021456336025 0.1362086742045301
0 0.4507146279517491 0.4630286826455518 0.05382151569403982 0.15761330197478174
0 0.3960991819091274 0.38221661028032966 0.10998299122551111 0.13592537434000396
0 0.385761348168507 0.21669607598218438 0.062075050203210594 0.22980404643427874
0 0.41732651252865666 0.31304285662429254 0.0750878067840772 0.13620158721515982