0 0.622 0.7691666666666667 0.141 0.155
0 0.5905 0.795 0.1405 0.13166666666666665
0 0.6995 0.76 0.0945 0.115
0 0.735 0.7216666666666667 0.0875 0.1075
0 0.771 0.6075 0.094 0.105
0 0.377 0.7875 0.0965 0.16416666666666666
0 0.211 0.6633333333333333 0.105 0.07666666666666666
0 0.2855 0.6575 0.0015 0.02
0 0.2945 0.6041666666666666 0.098 0.0725
0 0.419 0.7108333333333333 0.0975 0.13
0 0.4355 0.635 0.1 0.0875
0 0.4675 0.61 0.067 0.06416666666666666
0 0.489 0.575 0.0785 0.06
0 0.524 0.6666666666666666 0.059 0.14833333333333334
0 0.61 0.705 0.117 0.0625
0 0.5635 0.645 0.0645 0.095