5 0.6432320464649539 0.18251837407885746 0.016081449617353426 0.024264553853113283
5 0.6489033390806348 0.27633583305060666 0.03526762017130386 0.07870371155368532
5 0.4831706258881967 0.352634811968747 0.033098903106786225 0.03025397565537939
5 0.4383273739293503 0.4535581023727184 0.029197806213572448 0.05835450385876773
5 0.4640513603770721 0.38790730300265236 0.021116356596219136 0.034555560265544516
5 0.33324916659064463 0.338865004341684 0.03115126357508484 0.04513757309040699
5 0.8047058662308045 0.18061886695732865 0.033174534894328644 0.05192064232204615
3 0.29630801161623843 0.047375631994301746 0.06938397676752311 0.09475126398860349
5 0.5658626142719583 0.2928332061636317 0.05620944187319447 0.06325927181922983
5 0.6827175018904266 0.18438609008731735 0.01908726744716432 0.02610582436723869
5 0.7546974728498304 0.04272469838955078 0.019104720936597232 0.031105824367238667
5 0.41920229058841485 0.4904972600732903 0.02011635659621902 0.03449735898305827
5 0.4188648564593794 0.587163926739957 0.023098903106786223 0.029671962830517106