5 0.4220078751373776 0.34648951364705066 0.04960515671724443 0.046185196175159336
5 0.5591620906992 0.09259271819229788 0.026488780425466756 0.03651323334464242
5 0.5368133798785111 0.080449856003024 0.031605156717244426 0.04513757309040697
5 0.5112319164742667 0.08479905663295806 0.029651707233955448 0.04835450385876781
3 0.6652975617028888 0.44738639388160456 0.07660599282653356 0.11936509618646843
5 0.7837239734360218 0.7820451516274128 0.02362843197560005 0.046338629497183585
5 0.6409638329485333 0.14739432399741317 0.01837240413368886 0.02771428975141911
5 0.6316030664440222 0.17270384578837028 0.01727930310026659 0.0209894218022662
5 0.6097427179941556 0.1614234175736729 0.026488780425466756 0.03651323334464242
5 0.5296392334954889 0.05668001305104383 0.019558606200533176 0.04110582436723869
5 0.5137905226748001 0.04491545919793056 0.016418954650399883 0.030931220519779926
5 0.48751121957453336 0.06340222585328815 0.021512055683822154 0.03788889359887785