5 0.444 0.33916666666666667 0.0445 0.06166666666666667
5 0.2945 0.6441666666666667 0.0405 0.05416666666666667
5 0.3395 0.49166666666666664 0.0285 0.050833333333333335
5 0.583 0.22083333333333333 0.021 0.0625
5 0.0515 0.9775 0.025 0.045
5 0.079 0.9766666666666667 0.0265 0.04666666666666667
5 0.095 0.9383333333333334 0.0265 0.06666666666666667
5 0.105 0.8916666666666667 0.027 0.02666666666666667
5 0.115 0.8575 0.027 0.041666666666666664
5 0.179 0.8591666666666666 0.0215 0.0475
5 0.1565 0.8391666666666666 0.0315 0.04
5 0.137 0.8391666666666666 0.021 0.04083333333333333
5 0.2085 0.8358333333333333 0.029 0.07833333333333334
5 0.2225 0.8016666666666666 0.0355 0.06
5 0.2455 0.7575 0.0215 0.06166666666666667
5 0.275 0.7825 0.0385 0.03666666666666667
5 0.2675 0.7308333333333333 0.0275 0.035833333333333335
5 0.3035 0.7333333333333333 0.0445 0.058333333333333334
5 0.3035 0.6941666666666667 0.0345 0.0425
5 0.322 0.6125 0.028 0.05333333333333334
5 0.343 0.6308333333333334 0.02 0.028333333333333332
5 0.3615 0.5191666666666667 0.0185 0.0525
5 0.3225 0.5233333333333333 0.0145 0.0325
5 0.308 0.5375 0.0165 0.03333333333333333
5 0.312 0.4825 0.0175 0.04083333333333333
5 0.3225 0.4525 0.0205 0.0275
5 0.376 0.455 0.0165 0.056666666666666664
5 0.361 0.48333333333333334 0.0135 0.019166666666666665
5 0.392 0.44166666666666665 0.0175 0.051666666666666666
5 0.403 0.4191666666666667 0.019 0.03333333333333333
5 0.361 0.4225 0.026 0.04
5 0.3495 0.4575 0.0245 0.03833333333333333
5 0.3835 0.375 0.021 0.049166666666666664
5 0.4005 0.36916666666666664 0.015 0.028333333333333332
5 0.407 0.3516666666666667 0.012 0.021666666666666667
5 0.384 0.4075 0.0265 0.019166666666666665
5 0.4515 0.305 0.027 0.034166666666666665
5 0.422 0.2791666666666667 0.0235 0.0325
5 0.4595 0.2658333333333333 0.0185 0.04666666666666667
5 0.436 0.25333333333333335 0.0205 0.041666666666666664
5 0.479 0.21 0.0115 0.015833333333333335
5 0.514 0.24916666666666668 0.025 0.03
5 0.5175 0.22666666666666666 0.0265 0.0275
5 0.501 0.21083333333333334 0.0145 0.021666666666666667
5 0.5115 0.18916666666666668 0.0205 0.030833333333333334
5 0.524 0.20083333333333334 0.017 0.025833333333333333
5 0.5045 0.15333333333333332 0.0165 0.02666666666666667
5 0.541 0.18916666666666668 0.032 0.051666666666666666
5 0.5595 0.19583333333333333 0.021 0.030833333333333334