5 0.526 0.31666666666666665 0.038 0.10666666666666667
5 0.448 0.3225 0.0215 0.055
5 0.471 0.38416666666666666 0.028 0.060833333333333336
5 0.822 0.6566666666666666 0.019 0.045
5 0.853 0.6008333333333333 0.0305 0.09083333333333334
5 0.374 0.8191666666666667 0.022 0.03666666666666667
5 0.235 0.5583333333333333 0.016 0.041666666666666664
5 0.2835 0.6216666666666667 0.0205 0.041666666666666664
5 0.4745 0.25333333333333335 0.031 0.045
5 0.493 0.17916666666666667 0.0205 0.04666666666666667
5 0.5405 0.17166666666666666 0.019 0.035833333333333335
5 0.538 0.11166666666666666 0.0335 0.0375
5 0.3975 0.9291666666666667 0.033 0.04666666666666667
5 0.596 0.4075 0.026 0.059166666666666666
5 0.7225 0.9808333333333333 0.031 0.03833333333333333
5 0.587 0.955 0.0255 0.03916666666666667
5 0.8375 0.8141666666666667 0.027 0.0475
5 0.849 0.7541666666666667 0.0515 0.08416666666666667
5 0.873 0.8083333333333333 0.0315 0.043333333333333335
5 0.946 0.8733333333333333 0.0235 0.04583333333333333
5 0.438 0.46416666666666667 0.0145 0.035
5 0.4955 0.2825 0.015 0.051666666666666666
5 0.63 0.7183333333333334 0.009 0.029166666666666667
5 0.9305 0.45416666666666666 0.057 0.035833333333333335
5 0.9415 0.4075 0.0365 0.051666666666666666
5 0.968 0.3441666666666667 0.025 0.03833333333333333
5 0.9585 0.30833333333333335 0.022 0.02666666666666667
5 0.8335 0.4925 0.0115 0.02666666666666667
5 0.8455 0.4666666666666667 0.0155 0.016666666666666666
5 0.5635 0.03833333333333333 0.0225 0.041666666666666664
5 0.2455 0.48 0.009 0.02
5 0.433 0.6008333333333333 0.032 0.0675
5 0.4595 0.5908333333333333 0.0305 0.06416666666666666
5 0.5725 0.13166666666666665 0.015 0.020833333333333332