3 0.09903330648639633 0.3253013849636208 0.080736522335617 0.1835625159540994
5 0.17148411150844903 0.17974820497907656 0.04643175154916162 0.07138934915066414
5 0.39616345223044264 0.4657273237834452 0.02252381154237628 0.026494052177361786
5 0.4153793280050235 0.4303042950585425 0.021838098467801957 0.041426140714754256
5 0.47566504531858783 0.38876356303340515 0.028501593088145115 0.07350027615706513
5 0.3076285102660007 0.735530641846522 0.01855873231186797 0.027889072993599107
5 0.3201237521965155 0.6872496600265375 0.026222226932211243 0.06003111989851694
5 0.6070587111169177 0.19427151821763458 0.02794286077627703 0.04683360949039847
5 0.32821264720838994 0.6109749021862564 0.022942860776277257 0.046494052177361786
5 0.33934757221687173 0.5561291208935162 0.025873019237293647 0.04336445323185046
5 0.3269808829422582 0.8365705454004639 0.015628573850851465 0.03101867193911024
5 0.19745074143720187 0.6323373480565156 0.025012702315260697 0.04996320843590979
5 0.5304507838271024 0.08546985709694863 0.018803177698310265 0.039555739660265654
5 0.4571555291796175 0.29515574801685585 0.015698415389834963 0.03435200527244357
5 0.49553965764402663 0.27424177910444314 0.01776825692881846 0.037821161530991576
5 0.4203681975829577 0.6687918470991356 0.0010698415389834963 0.0034012447959408595