5 0.48584491877755714 0.7775065224190623 0.017116356596219136 0.03465297954218613
5 0.4962547424154874 0.7508581134861434 0.02016871706451775 0.04988585828492508
5 0.48705402728700936 0.6940567497143596 0.02110472093659723 0.03163015119917115
5 0.4827754381835679 0.9011115476189241 0.011063996127920517 0.019187222056708985
5 0.511102478749176 0.27624394706774696 0.023104720936597233 0.03178540369433032
5 0.36987849230145425 0.2230225813098012 0.017110538766408126 0.032986312875519556
5 0.36168650391769275 0.16864359129043785 0.05520944187319435 0.06426944361687698
5 0.3279043391718614 0.09041073725102047 0.031261802341492964 0.07740641367496702
5 0.30338688568242855 0.08731258031672022 0.02011635659621902 0.034885858284924944
5 0.2935756317875424 0.002252186491348113 0.016034906978865705 0.004504372982696226
5 0.34888431013126525 0.22631939917563906 0.025110538766408126 0.03360732285615616