5 0.3824167361093887 0.5786265091587869 0.06539665735544872 0.08310368301210853
5 0.5353232531219319 0.36520370095990723 0.024756522734201553 0.044497214462873934
5 0.3128170612191908 0.1749907829336322 0.0187274257059629 0.04253957751382217
5 0.4447988449507182 0.6548349779545377 0.02069832867772436 0.04096990094128387
5 0.38587994413269255 0.4616931197332671 0.0187274257059629 0.04253957751382207
5 0.3580652273420142 0.4163358193373336 0.014552843536531782 0.032345597325565335
5 0.48401538989691517 0.20672237740918728 0.020756522734201324 0.0443032342746172
5 0.2578339541618225 0.32194591480648993 0.012407358395339315 0.02391527389810373
5 0.2547995066136387 0.34878231413788136 0.016552843536531782 0.032442587419693796
5 0.09047426850294525 0.9113871189937174 0.015349164338862182 0.020727425705962713
5 0.214274257059629 0.40662819192437866 0.02469832867772436 0.04116388112954061
5 0.2153561976243993 0.43993727773417995 0.019407358395339202 0.02425473922755297
5 0.2743354572075389 0.23523967062600118 0.015378261367100663 0.022394092372629567
5 0.22352609093680564 0.16264017545567871 0.00946555245181628 0.027103122090244368
5 0.210921245246538 0.32922518201850703 0.00926187325414662 0.015436455423577702
5 0.19896104331466696 0.27475862753621316 0.01243645542357774 0.0255819405647703
5 0.08669015178622175 0.7806265282309807 0.01143645542357774 0.025533445517706164
5 0.054922928012129876 0.795511703070368 0.00926187325414665 0.015436455423577702
5 0.08099032006278094 0.8267750793702312 0.00937826136710072 0.02210312209024437
5 0.05695587251459718 0.8546298746899704 0.013494649480054775 0.028963768945167962
5 0.18672159324297263 0.9208982611422217 0.01437826136710072 0.022345597325565146
5 0.24655452630212368 0.47845817879872204 0.016552843536531782 0.03244258741969361
5 0.36999332615421376 0.6409478589608201 0.02046555245181628 0.027636567607950534
5 0.36472075186017666 0.6829054959098719 0.016552843536531782 0.03244258741969361
5 0.3398861360354338 0.664926957896278 0.015261873254146621 0.015727425705962902
5 0.31378429643659894 0.6603544957866136 0.010436455423577741 0.025484950470641934
5 0.34005536768491956 0.7032845387531435 0.010523746508293243 0.030484950470641935
5 0.22990753811521467 0.5568310896458775 0.02158194056477032 0.03435172932168143
5 0.22138228856120495 0.6131251259263207 0.010436455423577741 0.025484950470641934
5 0.21205687073063603 0.6235858288734304 0.013552843536531783 0.03229710227850129
5 0.21003162117662635 0.6795646473479564 0.021349164338862237 0.0210183959883481
5 0.19954081917080038 0.7092647595323291 0.014261873254146622 0.01567893065889867
5 0.18938998350966255 0.7297739575265032 0.0195237465082933 0.030921405894219635
5 0.1808555359614788 0.7568770796167477 0.010436455423577741 0.025484950470641934
5 0.19474834584269876 0.778722396481381 0.01243645542357774 0.025581940564770398
5 0.17012811025551594 0.7156953634207229 0.015320067310623698 0.019060759039296233
5 0.19350486857690022 0.8221527199088428 0.016407358395339203 0.024109254086360464
5 0.02528279339088252 0.760251392768563 0.009232776225908125 0.013769788756911035
5 0.04087393194982686 0.8220482145861322 0.009378261367100706 0.02210312209024437
5 0.07592142496641344 0.8803993829859497 0.01343645542357774 0.025630435611834628
5 0.03410135765578976 0.8640785941057804 0.013407358395339216 0.02396376894516796
5 0.3753110490363251 0.5155841461078386 0.013378261367100776 0.022297102278501103