5 0.5298634183185222 0.9239803222575457 0.06954921617289755 0.12296602597071417
5 0.5766602660541523 0.6481087859112666 0.021676196935603912 0.08038786844896947
3 0.394123794586416 0.19271858213449283 0.08325714770170294 0.06159026064077494
5 0.5975031437863897 0.393409383959218 0.016698415389834964 0.03364362809250887
5 0.6362015591762247 0.3608130006789266 0.05857143462712861 0.07610542507956305
5 0.6034936488423697 0.03588029382554522 0.03501270231526064 0.04899270969658147
5 0.4772650071676774 0.9037858042011101 0.030222226932211244 0.05889574258433943
5 0.5504824760304035 0.7993294038616183 0.013453970003392896 0.02191878115849685
5 0.8877555546135577 0.02888802580091197 0.02048889077288459 0.023721201782302827
5 0.19074920345592744 0.03954717373221619 0.021838098467801957 0.040407261871417965
5 0.5892808956592283 0.7142136271588786 0.01648889077288459 0.023643628092509063
5 0.6085840733575385 0.676239072140842 0.015558732311867971 0.026957568003393818
5 0.6312174052778752 0.6941851208571569 0.024558732311867972 0.02713210880543007
5 0.5181999660880796 0.43022033363034606 0.01055873231186797 0.026860600891151307
5 0.5169158418626604 0.3960148801187824 0.01262857385085158 0.030232721069381702
5 0.5352301287880862 0.38136396172285497 0.01855873231186797 0.02701574827073917