5 0.5771856072373882 0.6272363813835924 0.04667279674343513 0.08713378207082466
5 0.39243563419393146 0.9128921672904934 0.04041075784701991 0.07850947845510593
5 0.4859228776130648 0.8222809690498027 0.036729456716340335 0.05669732664724677
5 0.6447564052469765 0.3734551700172453 0.04336260226135914 0.04537012531002944
5 0.3235532063333642 0.9922653395263868 0.04199574780637772 0.015469320947226303
5 0.30586340081544017 0.9587700882900367 0.029253534509170776 0.07297603293740015
5 0.339153769698308 0.967061339033354 0.02662464115777425 0.05287904284327169
5 0.3350928575317806 0.9051037020843021 0.04467279674343513 0.0870367919766962
5 0.3607238769799882 0.9021736591177724 0.0330439033920386 0.06650334645899003
5 0.41103407146206417 0.8628832497572512 0.03872945671634034 0.05679431674137504
5 0.39813463482700806 0.8272043190983525 0.021205378923509897 0.0393032342746172
5 0.46804964486765016 0.7855262298222497 0.0362053789235099 0.0400306599805801
5 0.46740092591704546 0.8539323057261794 0.02294334002709479 0.03106689103541233
5 0.4595361975588753 0.88109284039673 0.02404815558566088 0.034448719415809896
5 0.49345545979313965 0.8693840911400472 0.02910056336494381 0.03635786131779734
5 0.5121105570341776 0.8494236686538693 0.020257786702793056 0.04092140589421964
5 0.507545392674028 0.7557266224675544 0.039152971144226854 0.03850947845510594
5 0.49112825653657477 0.7841416159047262 0.013786116689245545 0.025630435611834437
5 0.5149887327011227 0.7260418402734717 0.03510056336494381 0.036648831600182535
5 0.5291700338318023 0.7050298567421717 0.024152971144226966 0.03778205274914323
5 0.5288116837640654 0.7801268468363001 0.029519825599208162 0.04969119465113067
5 0.5076041787437443 0.8016326983714841 0.028467417819925116 0.04797603293739978
5 0.5582266938047076 0.7364847081540974 0.034310194482075985 0.04326700321978516
5 0.5601962377214438 0.7056998698678283 0.020943340027094564 0.03096990094128387
5 0.5716154999557082 0.6928999820522012 0.01568130113067946 0.022394092372629567
5 0.537648082135783 0.7379905596892815 0.01651982559920816 0.049060759039296235
5 0.5987358889198602 0.6107547773719405 0.02657223337849132 0.05121237617660483
5 0.616716063320652 0.6600337641230256 0.024415010040642074 0.04611538608247656
5 0.6228123744919735 0.5935610776446157 0.03320537892351012 0.0398851748393876
5 0.6325545877891806 0.6340945231623218 0.029310194482075985 0.043024527984464
5 0.6575701611947665 0.5551856617212662 0.011681301130679458 0.02220011218437283
5 0.6303782295800315 0.4962793053564045 0.023467417819925233 0.047733557702078995
5 0.6441140645868052 0.4894339884917713 0.022572233378491093 0.0510183959883481
5 0.6552755401182765 0.5166825957232082 0.015838524468528705 0.027394092372629377
5 0.6684306373593144 0.49645545047817735 0.023257786702793055 0.04106689103541233
5 0.6605857346003525 0.4752099092447982 0.019048155585660878 0.03420624418048874
5 0.6916685984628994 0.5059284174175191 0.02004815558566088 0.03425473922755297
5 0.6670552785170888 0.444643298670318 0.03793908783347251 0.06341248836097747
5 0.6615510263234666 0.4126614141977341 0.023257786702793055 0.04106689103541233