5 0.5999175197306066 0.7585073141813712 0.05016508770848827 0.10519535400177782
5 0.4500349631593923 0.5436963973634822 0.024838098467801956 0.04093101033422234
5 0.38356674014249426 0.9241397194510004 0.02662857385085147 0.03100859452874071
5 0.6315952885594054 0.6489929121548528 0.024698415389834964 0.03426434366755567
5 0.5326794255017946 0.7683888476163712 0.025628573850851353 0.030969802431481525
5 0.5122619693560388 0.8192214841919637 0.01945397000339267 0.02240371651459251
5 0.36876989240686414 0.6471239239090005 0.02662857385085147 0.03100859452874071
5 0.47741118976792657 0.9912379199076485 0.013384128464409287 0.01752416018470285
5 0.49342865015267245 0.9898234018731671 0.01955873231186797 0.02035319625366583
5 0.4251667443814844 0.9782107993900006 0.01352381154237628 0.025504297264370354
5 0.5687889670747054 0.9879641682356854 0.01855873231186797 0.024071663528629113
5 0.6376270443475571 0.7699620178285934 0.015663494620343273 0.03224854812555558
5 0.6631794255017948 0.7734512163087046 0.019523811542376278 0.025737049847925846
5 0.6570699051238343 0.8156796716278897 0.00952381154237628 0.025349128875333235
5 0.6594254639763821 0.856571193107112 0.015349207694917369 0.017248548125555773
5 0.6789302220458674 0.8098664311009268 0.01738412846440906 0.01899279898674081
5 0.6159286501526724 0.9926160844969635 0.019523811542376278 0.014767831006073115
5 0.5658714897339994 0.7788356534925934 0.013453970003392896 0.022170963931037024