3 0.17964919890608883 0.164803730447711 0.07132752583555566 0.16800481281561142
5 0.2660224391490666 0.06482195620625732 0.042861184559155614 0.0624811904095026
5 0.4242738683898887 0.43748446496926513 0.019325853616977837 0.023701808359854415
5 0.4470880843776887 0.41454811296417443 0.01851205568382227 0.03701574827073917
5 0.5072160982986443 0.40421784095059926 0.024931010334222264 0.06713210880543007
5 0.3044110116121552 0.6447534953957366 0.01837240413368886 0.02701574827073917
5 0.322946342554333 0.6060710804583308 0.02374480826737772 0.05377938204964835
5 0.653798815866822 0.28807246136223713 0.026605156717244425 0.0438375623169937
5 0.34137735288855525 0.5390650288988157 0.020581881458888916 0.042054535115636324
5 0.3599941472349775 0.4945492806280765 0.024558606200533403 0.0404654421387634
5 0.010785924073710906 0.8521509183959275 0.021571848147421812 0.06891513600678763
5 0.3059795832232885 0.7471953151283912 0.01437240413368886 0.02693817458094524
5 0.22151742249333306 0.4955686029705237 0.023605156717244426 0.04377938204964835
5 0.6017306623103331 0.15078637284112142 0.016512055683822382 0.0369769614258423
5 0.5045427880249109 0.3092954146403932 0.014395679392044485 0.028604841247612
5 0.5420544256540887 0.30773482796524204 0.014442229908755507 0.03193817458094533
5 0.4149924750163997 0.6367771888818468 0.001046550516711136 0.003352726755781911