3 0.531 0.49916666666666665 0.0245 0.07333333333333333
1 0.525 0.5966666666666667 0.0205 0.0425
3 0.5125 0.7533333333333333 0.02 0.07916666666666666
2 0.6855 0.8883333333333333 0.103 0.22333333333333333
4 0.1235 0.12666666666666668 0.045 0.08333333333333333
0 0.0225 0.25083333333333335 0.045 0.07
4 0.4765 0.0425 0.0365 0.085
4 0.4935 0.28 0.0345 0.059166666666666666
2 0.2515 0.5175 0.0435 0.09583333333333334
2 0.6625 0.9125 0.061 0.15583333333333332
2 0.8145 0.9216666666666666 0.0805 0.15416666666666667
3 0.898 0.13166666666666665 0.0455 0.028333333333333332
0 0.8915 0.09833333333333333 0.0185 0.041666666666666664