5 0.5930606285728885 0.8302195868714004 0.015325853616977837 0.024497727047026956
5 0.6137127538614885 0.7492332986992022 0.03295428559257789 0.07081737325587995
5 0.47755149927157753 0.6068542098665534 0.03137240413368886 0.029073080341633688
5 0.4545527534355109 0.49745236680085364 0.02774480826737772 0.05542924201798201
5 0.4660751925845775 0.5684226948955984 0.020418954650399997 0.03155252495159175
5 0.33965665598882194 0.552769641243448 0.028558606200533403 0.04217353493222826
5 0.32165205738773284 0.94596597981537 0.044814634042444366 0.061748888226835184
5 0.7386878063845552 0.9040918321418091 0.03062843197560005 0.04732878742738725
3 0.2512580502142663 0.8253768899896401 0.06507149799364453 0.1532237869308468
5 0.5418528234662663 0.6977720624163493 0.05274480826737772 0.0573698982074715
5 0.6298744265060441 0.8464250913651783 0.01732585361697784 0.02465297954218613
5 0.6702098274789773 0.9949294519962137 0.018395679392044485 0.010141096007572514
5 0.4435997220068665 0.45739299828702185 0.018442229908755506 0.03306393912309924
5 0.4598333106997109 0.3702240586673821 0.02134912887533335 0.026630151199171146