6 0.9584499059728687 0.678431560640613 0.08310018805426261 0.21252964475529174
6 0.6487126080487263 0.7903771999898616 0.1587978716876064 0.17318899880053323
6 0.670647849088105 0.6889335501326148 0.1526582311681807 0.1597974871690904
6 0.6501962885676248 0.9300743896913478 0.22048368051889838 0.13985122061730446
6 0.4820966194771471 0.825424570692479 0.15409460779138612 0.2014738502187754
6 0.48364025713946773 0.829605781933673 0.16021679324588353 0.21319869518355158
6 0.5850507106471732 0.535619053959081 0.11029167480468823 0.12439023908232344
6 0.6262052755819814 0.5985117574713206 0.10809966909047762 0.10603751298295379
6 0.4188848875303552 0.5181761210447167 0.0931520342852623 0.11089206723767991
6 0.3883223997373873 0.7028609885966233 0.1628153267525347 0.1748944509992731
6 0.2230194667506893 0.624599266923453 0.1334836805188985 0.14294658922507683
6 0.17825991194441942 0.8844527099657054 0.22242625402502228 0.23109458006858935
6 0.2529921485694702 0.47907136965519487 0.13751859064875493 0.14631870809048317
6 0.3909099345439207 0.3770858335613996 0.09604730389569295 0.10092115638673457
6 0.45411319844014103 0.34936822054972566 0.06080293298669801 0.07724844964776215
6 0.570250308310021 0.41132148612166786 0.08606475896062125 0.10249085922321872