5 0.35910975531833356 0.4340771767945546 0.0771404876594222 0.08240359177605437
5 0.3561463404244447 0.5799589920429793 0.039651707233955676 0.04704482560437877
5 0.40014592236980023 0.5436941696653335 0.044814634042444366 0.058759974186136786
5 0.681357908022867 0.7709985751862575 0.026605156717244425 0.04358543929180807
5 0.4948720539799116 0.9886693731015509 0.028186202066844544 0.013604832057844761
5 0.5413828554998005 0.9173754615748503 0.030605156717244425 0.04362422482388107
5 0.3128317063820002 0.5220377549879219 0.03386118455915562 0.06198664730626926
5 0.2652381872939336 0.47999348498978006 0.03360515671724443 0.043653313972935925
5 0.26449296097191133 0.3908219701316043 0.02653533094217778 0.03858543929180807
5 0.223958048084378 0.38871467364384377 0.029931010334222265 0.06694786177419615
5 0.757438953372467 0.7402568018853606 0.03593101033422227 0.06700604007230576
5 0.4264339367167335 0.3134081263662947 0.043768083525733345 0.05541694446978511
5 0.8171064108811779 0.14293078117345231 0.02186118455915539 0.061870290710050145
5 0.7920627867469779 0.3907071280894727 0.029721533009022322 0.051947861774196254
5 0.4506351208499115 0.6140475320392629 0.02641895465040011 0.030252105958474735
5 0.3338429259565336 0.48682928275302934 0.03646550516711113 0.03368240312199077
5 0.6380848078414001 0.28635249316642386 0.02127930310026659 0.02020362404338338
5 0.44312766376717827 0.9716687368269912 0.014256027841911077 0.018469082695589046
5 0.5409842497252448 0.6381748575676196 0.05095428559257789 0.06881815248424611
5 0.5367859919745781 0.5882087949081836 0.047884459817511014 0.06378906333519163
5 0.2401085011544002 0.32771650179920003 0.016395679392044483 0.028488475461625456