0 0.35984585233904476 0.7442222191982149 0.11053783927004451 0.2543708463162871
0 0.34113595695920035 0.6932143509705527 0.09546801349497787 0.24922540057101325
0 0.3746613224907782 0.8743482721774521 0.0803740763522668 0.1707563178754242
0 0.400906130758156 0.925868381886371 0.07611804851035572 0.14826323622725796
0 0.47222034674595603 0.9487222998665376 0.07148961653475566 0.1025554002669249
0 0.3215852258960446 0.33140708675012137 0.11046717738568895 0.1777138760326386
0 0.37998919848011115 0.07450826249725345 0.053629268084888965 0.11717087858361613
0 0.3902693376896667 0.16626219661108446 0.012069825775066647 0.005116356596219116
0 0.4234089892398001 0.176582177250687 0.05539735161062231 0.1721805749666344
0 0.3729929609719113 0.3968967540925435 0.09046717738568896 0.17751994837227347
0 0.42078390170135577 0.41819066561924406 0.06546717738568895 0.17727753879681699
0 0.43950543471037806 0.4700318671802394 0.04765254334324459 0.1187793669521733
0 0.4634709398774891 0.5035930655145019 0.04493184644351118 0.13875027780311844
0 0.4109135878408892 0.5705743090230251 0.09658271756817782 0.11425448972006791
0 0.39798508583453374 0.7187621966110845 0.05083958151937781 0.2037987597182098
0 0.4288213229167559 0.6357391475343355 0.0656525433432446 0.11895390184650183