5 0.5415 0.9133333333333333 0.0665 0.12
5 0.585 0.6383333333333333 0.0185 0.08083333333333333
3 0.399 0.185 0.0805 0.058333333333333334
5 0.6035 0.3858333333333333 0.016 0.03333333333333333
5 0.6415 0.3541666666666667 0.056 0.0725
5 0.6065 0.0275 0.033 0.055
5 0.489 0.8916666666666667 0.0285 0.058333333333333334
5 0.561 0.7891666666666667 0.013 0.021666666666666667
5 0.8885 0.021666666666666667 0.0195 0.0325
5 0.1955 0.03 0.021 0.04
5 0.599 0.7058333333333333 0.0155 0.0225
5 0.6175 0.6666666666666666 0.015 0.02666666666666667
5 0.64 0.6858333333333333 0.0245 0.0275
5 0.5255 0.4216666666666667 0.01 0.025833333333333333
5 0.5235 0.3883333333333333 0.0115 0.030833333333333334
5 0.5415 0.37416666666666665 0.018 0.025833333333333333