5 0.5996987215609135 0.5957906585576018 0.07280293298669813 0.07736480624398136
5 0.601691129612276 0.45328581036609267 0.0374538316881335 0.04369209950500893
5 0.5592809355864629 0.49285972511952614 0.042558562077702845 0.053740581420100096
5 0.2828929984427773 0.2938935011234446 0.025436376623205432 0.041909076242123054
5 0.46387161766258417 0.05549603008801874 0.029331646233636093 0.03194786177419615
5 0.4184901368837092 0.1400941857989979 0.02940146649334906 0.03861452844086282
5 0.6446325675345731 0.5061973510381317 0.031610927272487516 0.05863392120689923
5 0.6917398285736881 0.5432367728447645 0.031418921558277364 0.0403005878735659
5 0.6928321651974209 0.6298840467453947 0.025366556363492693 0.035242409575456574
5 0.7323496202623492 0.6278343729495067 0.026663292467272184 0.06358543929180807
5 0.21350898701435647 0.33122921821837115 0.026645837402344056 0.0619187726251414
5 0.5349157742886895 0.7189063788792612 0.040523651947846476 0.050387855320730444
5 0.5094616831186635 0.42834939246194825 0.02429673610377972 0.028566046525771563
5 0.6237485561061523 0.5430627935566728 0.03531419116870802 0.030339373405639095
5 0.3289619426005558 0.7642323189228468 0.01919200571421038 0.01851756461068021
5 0.7758259683145026 0.6774077320967034 0.023436376623205434 0.04188968347608655
5 0.5136272467535892 0.07834454427043913 0.01419200571421038 0.018469082695588952
5 0.4206362337679456 0.4125457038839066 0.046628382337415814 0.060446033618839864
5 0.42562130935256315 0.4616590404439728 0.04461092727248763 0.058759974186136786
5 0.7166950553275409 0.6904798186947806 0.015296736103779723 0.028478779078607203