5 0.6926851034894461 0.6044669093146108 0.02258194056477032 0.03375998862719977
5 0.6796215589130238 0.5792050981115564 0.03269832867772447 0.040620589518351076
5 0.641019719314189 0.5842917846806235 0.021669231649485938 0.03874059520475119
5 0.7686613569811528 0.6359505061319192 0.012349164338862238 0.020232721069381798
5 0.38828928751679326 0.44934646195626254 0.021727425705962786 0.042073928538084525
5 0.030612119947327293 0.3823551331635875 0.061224239894654586 0.10288845228092063
5 0.06465750950692402 0.6798169301506416 0.050222075186017665 0.07095027769997539
5 0.31573025207752026 0.680518012518542 0.02255284353653178 0.032093321960533105
5 0.2791720580210433 0.6831434859325061 0.04374582169431096 0.10081452374283591
5 0.22145918082919963 0.7228713941862762 0.05307659004482514 0.0626751246339874
5 0.21223175512323672 0.764373216762131 0.02366923164948582 0.03877938204964835
5 0.1335464719139152 0.7161647730108106 0.05430936627073322 0.07602785138976913
5 0.14830449769383305 0.7589653710587619 0.02058194056477032 0.033721201782302805
5 0.3115755689421537 0.7179501355399724 0.022814716790678403 0.047093321960533105