5 0.626649330955601 0.7829783645953083 0.015529709408337339 0.022685338605776907
5 0.6430101198834696 0.6942220025370723 0.03271136885770511 0.072105255340828
5 0.4923522368722276 0.5750722766049899 0.03261120316346614 0.02717316680343515
5 0.46162219607541216 0.4653071308913291 0.02930390008206109 0.05523485428633914
5 0.47839468524946405 0.5367884589522188 0.019733443796159465 0.031290317789539585
5 0.34493543212702843 0.5475213058769668 0.030977925061545876 0.04203734387822048
5 0.3511535624261403 0.9452589959960926 0.044611203163466145 0.02798810435472357
5 0.7830347247927909 0.8291187545578356 0.031100165694238967 0.04703734387822048
3 0.26970874977227566 0.8506240015420733 0.06670796585836138 0.15594508881092983
5 0.5649303276280127 0.6552845184911716 0.05430390008206109 0.056932640851522935
5 0.6654345590985519 0.792030439951592 0.01752970940833734 0.02282116153099158
5 0.717224018712042 0.943770689746439 0.018448215653208536 0.01955573966026577
5 0.4471442710138663 0.42622393563652833 0.01877419067372375 0.03288907299359901
5 0.4588624458702593 0.33193984182669206 0.021651950041030547 0.028092807381421114