3 0.6595 0.7691666666666667 0.0245 0.08083333333333333
3 0.6865 0.2975 0.0145 0.09416666666666666
4 0.914 0.615 0.0335 0.10083333333333333
2 0.9305 0.9408333333333333 0.0695 0.10166666666666667
2 0.6715 0.9375 0.1085 0.12166666666666667
2 0.415 0.39166666666666666 0.0455 0.075
4 0.7105 0.35833333333333334 0.0335 0.06666666666666667
1 0.3285 0.59 0.04 0.045
4 0.502 0.145 0.035 0.07083333333333333
2 0.28 0.9825 0.034 0.034166666666666665
2 0.927 0.23583333333333334 0.036 0.0775
3 0.7475 0.23083333333333333 0.0285 0.07083333333333333