5 0.345 0.2966666666666667 0.0115 0.021666666666666667
5 0.396 0.275 0.0385 0.045
5 0.821 0.9175 0.0245 0.04
5 0.8125 0.8791666666666667 0.0195 0.0325
5 0.4565 0.5175 0.0115 0.04833333333333333
5 0.517 0.57 0.0285 0.03916666666666667
5 0.4775 0.5408333333333334 0.0155 0.029166666666666667
5 0.4655 0.7491666666666666 0.0205 0.043333333333333335
5 0.2315 0.7225 0.029 0.0675
5 0.102 0.019166666666666665 0.0175 0.035
5 0.3255 0.05 0.0235 0.04416666666666667
3 0.291 0.8541666666666666 0.0815 0.0875
5 0.414 0.39916666666666667 0.026 0.08083333333333333
5 0.3415 0.23583333333333334 0.0115 0.025833333333333333
5 0.2555 0.1475 0.015 0.02666666666666667
5 0.539 0.5941666666666666 0.017 0.025833333333333333
5 0.5925 0.58 0.0125 0.0325
5 0.854 0.9783333333333334 0.018 0.028333333333333332
5 0.845 0.9466666666666667 0.028 0.035
5 0.846 0.9158333333333334 0.0215 0.03666666666666667
5 0.833 0.8808333333333334 0.0185 0.034166666666666665
5 0.984 0.9458333333333333 0.0215 0.041666666666666664
5 0.9945 0.8741666666666666 0.011 0.035
5 0.995 0.8241666666666667 0.01 0.035