3 0.3814854068222338 0.9235303482570907 0.048048380614459804 0.034105276043837875
3 0.2473254708493393 0.9594569636654192 0.04663081428915956 0.05059725011289477
1 0.5070283894848926 0.8040992504125041 0.02257257092168959 0.04683427227490654
1 0.327844729780064 0.9372343277537556 0.026397840819279622 0.042183657470126645
4 0.4406658004999914 0.17724610945099142 0.05144622143373931 0.07427996864144835
4 0.6196054252077913 0.6969096571661874 0.06908689847590904 0.09409818905446779
1 0.5306340803162306 0.6022071310094546 0.06443635868072897 0.10366145756044261
4 0.5196542723975469 0.7441830532166239 0.044387978066269394 0.07200187788314621
4 0.4859410244336876 0.8047649781375977 0.02980554439156947 0.05411236303320853
4 0.4684948029999483 0.8734547836555218 0.03832973469879937 0.06981113342364931
4 0.7103015461656561 0.16819859068015236 0.052096761228919375 0.06436731494025343
2 0.27996381501502987 0.5134418507451054 0.06062095153614928 0.08006608533069387
2 0.273288618337324 0.4317787275731239 0.028086898475909037 0.09051699080345997