3 0.5807821647458313 0.12025593737690055 0.051139627915462824 0.04346348459297493
3 0.715555269383204 0.06442398482889292 0.05111053876640813 0.03513015125964157
1 0.4643494031523995 0.2748102962518405 0.02618035272413965 0.0534323646944578
1 0.6346716259794232 0.09225648969103083 0.028162899234706856 0.04856818761967249
4 0.6065456339060351 0.9134845676835363 0.05729089149054789 0.08720428670195247
4 0.3603555543459526 0.4127135484093723 0.0743665232780902 0.11002544823294405
1 0.46360281211291815 0.49054176239126285 0.07140143025695601 0.11982171384512184
4 0.45857629851502674 0.3394028274761964 0.04827925583092588 0.08325975020515282
4 0.48632031400334474 0.26797101509586885 0.03320944187319447 0.06224107826604258
4 0.49655269383204076 0.19201741878657938 0.04226762017130386 0.07951894809617542
4 0.3278627056307322 0.973418185530525 0.05525598451168207 0.05316362893894999
2 0.7346580814961223 0.5247791020911883 0.06631416280979147 0.09448215653208517
2 0.7504460640717646 0.6083317297616022 0.033337434129035504 0.09890774493270935