5 0.6072169043859478 0.7003550783535168 0.04548394844016411 0.08927118028113208
5 0.4031886487405053 0.907664044297256 0.03930936627073322 0.07868874660643238
5 0.5026266072097995 0.8565864750151448 0.0359602019318711 0.05839752976908206
5 0.693216063003152 0.47992491680734767 0.04275652273420155 0.047410369056232186
5 0.29867259718066963 0.9823743827108922 0.03943645542357774 0.028785818885548906
5 0.327468917983 0.973522812138608 0.041785619762439864 0.04897996344378233
5 0.31402326456524826 0.9181427419829834 0.028251172214256257 0.07428761820281579
5 0.34635788038999116 0.9404157215813825 0.02590200787539402 0.05409347364458275
5 0.3472521933169276 0.8772765328062824 0.04348394844016434 0.08907703572289885
5 0.3728394844016431 0.8847518759237567 0.03216388112954064 0.06967590731928264
5 0.42543212600630387 0.8665633733836053 0.0379602019318711 0.058591674327315484
5 0.4152337973285795 0.8256411867319973 0.020669231649485937 0.04027477891566605
5 0.4873846329897173 0.8126789269679536 0.03566923164948582 0.04173086310241577
5 0.4815776111474964 0.8803327543474704 0.02252374650829324 0.03213559014056576
5 0.4714849695428357 0.9026468287500791 0.02358194056477032 0.03556599575301599
5 0.5064849695428356 0.9060443585191615 0.02861103759300886 0.03771802381526565
5 0.526223096288689 0.8929858041014942 0.019698328677724475 0.04184437330321619
5 0.529079114193213 0.7992559626908524 0.0386401346212474 0.04035541327309905
5 0.5099719240744329 0.819863053248078 0.013436455423577626 0.026261939628516303
5 0.5386135617413966 0.7735600188153522 0.03461103759300886 0.038300457489965536
5 0.5538225914590115 0.7583979724749933 0.023640134621247397 0.03889932908634933
5 0.5481028607015062 0.8310517998545102 0.02884381381891694 0.05105135714859936
5 0.5253647339556529 0.8438191374348275 0.027814716790678404 0.04928761820281579
5 0.5805063716226166 0.8000885183986925 0.033727425705963016 0.044870051877515686
5 0.5849971736284426 0.7714072131276092 0.020523746508293243 0.031941445582332716
5 0.5968225914590115 0.7625720804770089 0.015378261367100776 0.02312275085341639
5 0.5594190805379011 0.7930500005372433 0.015843813818916943 0.04978941752008287
5 0.6300568707306361 0.6934210741065329 0.02587291084715548 0.05242680697791608
5 0.6440170726625071 0.7496830137350492 0.023785619762439866 0.04723266241968266
5 0.6553968370753241 0.6867297505573405 0.03266923164948594 0.04143964626506583
5 0.6616242627812872 0.7289303147591486 0.028727425705963015 0.04438469048193269
5 0.6924021875952694 0.6620366276908811 0.011378261367100777 0.022734461736949735
5 0.6702528549798481 0.5941647764960983 0.022814716790678403 0.048802256807232804
5 0.684694660923371 0.5922389912099563 0.021872910847155255 0.052038517861449425
5 0.6932475044599028 0.6246822361095561 0.015465552451816165 0.0281227508534162
5 0.7079565341775176 0.609471653629639 0.022698328677724474 0.042135590140566136
5 0.7015491757821785 0.5855558866216058 0.01858194056477032 0.03508063435743281
5 0.7297329559457836 0.62739204096398 0.01958194056477032 0.035177706636549524
5 0.7105399777880044 0.5573114066065472 0.037076590044825025 0.06516126871486563
5 0.7074580372232341 0.5237353925754223 0.022698328677724474 0.042135590140566136