5 0.366473742197272 0.5875 0.065515573405586 0.08
5 0.5154447214829112 0.4116666666666667 0.025310194482075984 0.041666666666666664
5 0.3122889335139649 0.2 0.019310194482075986 0.041666666666666664
5 0.422989315602858 0.6675 0.022310194482075985 0.041666666666666664
5 0.3730148287645913 0.4775 0.020257786702792942 0.04
5 0.3480736148343077 0.43166666666666664 0.014995747806377722 0.03166666666666667
5 0.4710183902303053 0.255 0.021362602261359144 0.043333333333333335
5 0.2563243325187591 0.3283333333333333 0.012681301130679572 0.021666666666666667
5 0.25261044920800474 0.35333333333333333 0.015995747806377778 0.03166666666666667
5 0.08428037521363405 0.8516666666666667 0.015628893351396472 0.02
5 0.21307786702792988 0.4 0.024205378923509956 0.03833333333333333
5 0.21354741094466614 0.43083333333333335 0.01873370890996256 0.023333333333333334
5 0.2733349630028147 0.24916666666666668 0.016733708909962616 0.023333333333333334
5 0.2279504090454363 0.17333333333333334 0.010786116689245603 0.025
5 0.21177192473947606 0.32666666666666666 0.009419262234264352 0.013333333333333334
5 0.2026472835817018 0.275 0.012786116689245603 0.025
5 0.08392840343633051 0.7291666666666666 0.012733708909962558 0.023333333333333334
5 0.054216646222387255 0.7383333333333333 0.009471670013547368 0.015
5 0.07723859791840655 0.7708333333333334 0.010628893351396499 0.02
5 0.05397230682836913 0.7941666666666667 0.01489093224781169 0.028333333333333332
5 0.17354028801323812 0.8758333333333334 0.014733708909962616 0.023333333333333334
5 0.24135760542674217 0.4725 0.015943340027094792 0.03
5 0.35320319891361235 0.6425 0.020786116689245546 0.025
5 0.34690857783712237 0.6808333333333333 0.015995747806377723 0.03166666666666667
5 0.3242534805960843 0.66 0.01552407779283044 0.016666666666666666
5 0.30001764558931066 0.6525 0.010733708909962615 0.023333333333333334
5 0.32288024785066965 0.6958333333333333 0.010890932247811633 0.028333333333333332
5 0.22405873215662991 0.5425 0.023100563364943868 0.035
5 0.2146833733144042 0.5941666666666666 0.010733708909962615 0.023333333333333334
5 0.20541920832117788 0.6016666666666667 0.013943340027094735 0.03
5 0.20207005336859368 0.6541666666666667 0.02062889335139653 0.02
5 0.1914085778371223 0.6808333333333333 0.013524077792830439 0.016666666666666666
5 0.18093265562995273 0.6975 0.020943340027094734 0.03
5 0.17271877231919835 0.7225 0.010786116689245603 0.025
5 0.18540007344987788 0.7441666666666666 0.012733708909962616 0.023333333333333334
5 0.16343478172676384 0.6816666666666666 0.014628893351396527 0.02
5 0.18265786015267088 0.7841666666666667 0.01673370890996256 0.023333333333333334
5 0.027037471188518823 0.7008333333333333 0.009366854454981293 0.011666666666666667
5 0.03939794735306678 0.76 0.009681301130679543 0.021666666666666667
5 0.07078462740725627 0.82 0.012681301130679543 0.021666666666666667
5 0.032603326276576736 0.7983333333333333 0.012681301130679543 0.021666666666666667
5 0.361060858253441 0.5266666666666666 0.014681301130679458 0.021666666666666667