0 0.5977960425928744 0.1668331990986483 0.1596865039176928 0.20592067058197983
0 0.563360038720795 0.15050781001109045 0.15760505430033936 0.18247093468367395
0 0.6783367674015511 0.15048132919183882 0.10850033336374212 0.14961907184184794
0 0.7182349553798595 0.17731994455905564 0.09945960855506564 0.13742859363280502
0 0.7653597053570527 0.28205538364095895 0.10645960855506564 0.13783600261020876
0 0.3456331433581677 0.22816658895184902 0.11567486825807077 0.20002648081925165
0 0.18753390688763927 0.4089999576100995 0.11437234110790115 0.11330161287009873
0 0.2645804495261269 0.3911851255253252 0.004069813957731413 0.02023280512994499
0 0.2784000968019873 0.44203697423718435 0.10734906978865728 0.10622753722602833
0 0.3958946123359185 0.2935607575196269 0.11155269383204086 0.16479367568930664
0 0.42014153673914195 0.3646348260987139 0.11040143025695591 0.12140214107348717
0 0.45458335844103237 0.37929354851960506 0.07429089149054778 0.08764022823731552
0 0.47997863750443515 0.4078094158162058 0.08628507366073677 0.0866719769604839
0 0.5078393429527145 0.30287554721450066 0.07558178298109555 0.1710317628531351
0 0.5915546026557198 0.23634907346023246 0.1253257984694135 0.1006084936441141
0 0.5497986181440377 0.312097760016745 0.0743956124271449 0.11764022823731561