6 0.6239186254194427 0.7406960543093324 0.11012320578887147 0.2622901272537778
6 0.5627132464959326 0.7813569134782214 0.09975635133389005 0.25023553961451855
6 0.7183138098608766 0.7403635344516656 0.11537248810441997 0.3657010447816299
6 0.6545135012218614 0.4665092948362954 0.125808759113173 0.2529108008099261
6 0.6564086856632952 0.46976504397511015 0.13412320578887146 0.26322113758800014
6 0.477063092176425 0.6465148688982215 0.07860763238328536 0.18116515643325934
6 0.5114143732258203 0.7134322906815919 0.06750281682471927 0.17740511003007403
6 0.47610556019956074 0.37521672715551785 0.06976910791475666 0.15418815298851862
6 0.5872564052469765 0.3184689925056288 0.11133283690600365 0.26899558601770385
6 0.5486699799187158 0.07968165050790704 0.08760763238328537 0.15936330101581409
6 0.7098555332430176 0.07468925825899955 0.1526642923561908 0.1493785165179991
6 0.462621824333055 0.10928577340535156 0.09302264242392744 0.21857154681070312
6 0.3944419585712783 0.33593647122803644 0.06292633125260591 0.15891660830770377
6 0.3746664723660882 0.4407432074994809 0.04814446675698241 0.10174564437666675
6 0.40471818941746307 0.6285133586648143 0.06440225345977546 0.14232752583555566