5 0.48756973647916346 0.1852294465096192 0.016552843536531782 0.031976961425842255
5 0.49902074041686045 0.21127610748988576 0.019814716790678404 0.047035141693187704
5 0.4920391364052085 0.2694542934436313 0.020494649480054705 0.028721201782302804
5 0.4794311049036325 0.06261308597492836 0.01029097028238516 0.016860600891151403
5 0.5337697479224797 0.6842900331847703 0.022494649480054703 0.02875998862719977
5 0.39552092013673584 0.7532513174198748 0.016523746508293243 0.03031029475917554
5 0.3894956705827261 0.8089488967960687 0.05498929896010964 0.05771391147888418
5 0.3594359734805327 0.8908380039889418 0.031280269242494683 0.07391513600678763
5 0.3350523615934867 0.897029531805621 0.01955284353653178 0.032035141693187746
5 0.32921089220308214 0.9912811335455014 0.016320067310623698 0.017437732908997153
5 0.3745063716226166 0.7520107222151236 0.024523746508293243 0.030465442138763402