6 0.0585 0.7283333333333334 0.1165 0.17666666666666667
6 0.376 0.7708333333333334 0.136 0.13166666666666665
6 0.348 0.6825 0.131 0.11833333333333333
6 0.3855 0.9275 0.1945 0.145
6 0.53 0.7733333333333333 0.129 0.1575
6 0.529 0.7766666666666666 0.133 0.16916666666666666
6 0.4145 0.5283333333333333 0.0935 0.095
6 0.3815 0.5925 0.0935 0.0775
6 0.5645 0.48333333333333334 0.0795 0.085
6 0.606 0.645 0.1395 0.13166666666666665
6 0.7505 0.545 0.1135 0.1075
6 0.8125 0.795 0.187 0.2175
6 0.712 0.41833333333333333 0.117 0.11
6 0.5785 0.35 0.083 0.075
6 0.519 0.33666666666666667 0.0515 0.059166666666666666
6 0.418 0.41333333333333333 0.0725 0.07916666666666666
6 0.9775 0.5891666666666666 0.0445 0.12166666666666667