5 0.6113855522274598 0.43872044438007324 0.06622689536262714 0.06756027841911115
5 0.6059259436723944 0.5705810715330362 0.03413381008565193 0.03965226464014828
5 0.5685684805027629 0.5312024418469251 0.03716871706451775 0.04976864093192603
5 0.3030245134154385 0.6973156809539626 0.022127992255841035 0.03752009280637045
5 0.4576896548375664 0.9304501764968143 0.026098903106786225 0.029341927862074044
5 0.4199805463281142 0.8485909428593328 0.026122174426030143 0.03600859452874071
5 0.6480801161623847 0.5247851367814805 0.02818035272413954 0.052752845389926126
5 0.6936819281840765 0.4938534296895175 0.028116356596219246 0.034419512056592605
5 0.6989640929299078 0.41282613586988787 0.022110538766408127 0.03252009280637045
5 0.7354437305255694 0.4172435576532582 0.02319780621357245 0.057558884903629634
5 0.2366670502458069 0.6590620220883701 0.029197806213572507 0.057791637487185125
5 0.5578044359738488 0.32081521763207327 0.036157081404895965 0.04639651550133342
5 0.2140811162536112 0.1116790951378886 0.021186170553950546 0.05414796737577779
5 0.2257869824844158 0.3386941939221478 0.02415126357508484 0.044264343667555675
5 0.5198764921190013 0.5880838585639993 0.021087267447164323 0.025814634042444596
5 0.6312051995033203 0.48961126910155467 0.031093085276975217 0.027869221681703683
5 0.37002260459175956 0.2656081319168143 0.018058178298109625 0.017364924417333328
5 0.7805891762708433 0.37383124660992484 0.025127992255841038 0.03763646909814819
5 0.5052507420505814 0.9111075518769993 0.012052360468298617 0.01546550516711098
5 0.436856129714663 0.5971369359698512 0.04219198838376156 0.056629268084888815
5 0.4435132111195587 0.551884787337666 0.040180352724139536 0.05321835055703711
5 0.7241473545689529 0.35935633343840634 0.013087267447164323 0.025504297264370354