5 0.5905 0.4241666666666667 0.0185 0.075
5 0.721 0.6691666666666667 0.0175 0.03916666666666667
5 0.73 0.6358333333333334 0.0205 0.043333333333333335
5 0.73 0.595 0.0235 0.04
3 0.5085 0.7975 0.0565 0.10666666666666667
5 0.307 0.9483333333333334 0.0235 0.03333333333333333
5 0.805 0.8616666666666667 0.0405 0.0575
5 0.682 0.7925 0.0135 0.025833333333333333
5 0.669 0.775 0.0095 0.025
5 0.677 0.7416666666666667 0.017 0.0375
5 0.84 0.8933333333333333 0.0155 0.023333333333333334
5 0.836 0.8425 0.012 0.03333333333333333
5 0.86 0.83 0.0135 0.04083333333333333
5 0.848 0.9916666666666667 0.016 0.016666666666666666
5 0.775 0.07083333333333333 0.0165 0.02666666666666667
5 0.7445 0.6275 0.0205 0.025
5 0.7535 0.6033333333333334 0.018 0.021666666666666667
5 0.7445 0.56 0.0195 0.029166666666666667