5 0.44544413476768274 0.7416425064819636 0.05379125163589776 0.11538931448807413
5 0.5634222638574271 0.4628090564307045 0.02730253739019622 0.04438071995933342
5 0.7004030582813703 0.8290538873317047 0.02823272106938157 0.034419512056592605
5 0.39313647994909323 0.6404198586605562 0.027279265283258042 0.04104738662600008
5 0.5175721313558427 0.726102204151297 0.026244357122850715 0.03600859452874071
5 0.5477695939656464 0.7706186964510378 0.02117454080203629 0.025814634042444596
5 0.6659219135582565 0.538471309115075 0.02825599317631986 0.03775284538992594
5 0.6146467148058798 0.9340898923980009 0.016162904748567145 0.023954006889481433
5 0.5980885345385343 0.9417831561265564 0.020197812908974357 0.029109175278518553
5 0.5661521825334437 0.9971408813055375 0.023116360534690784 0.005718237388925142
5 0.6673968899554651 0.9002931441707787 0.014186176855505437 0.027209756028296398
5 0.8322281671801633 0.9308605068852235 0.00817454080203629 0.02531033677807424
5 0.5193965396562944 0.9662379764917044 0.020197812908974357 0.029109175278518553
5 0.40875213988544284 0.7677265949320006 0.017255993176319862 0.03732613232007414
5 0.38315905145769014 0.7800707297852227 0.021197812908974357 0.02914796737577793
5 0.3968797861744321 0.8206138191468524 0.010186176855505437 0.027054587639259275
5 0.4015714307575014 0.8649744462998152 0.015139632641629078 0.020581881458889104
5 0.3733506960407594 0.8238688715279264 0.01915126869509811 0.02240371651459251
5 0.4721521825334437 0.9899106840920003 0.022267629229789008 0.0201786318159994
5 0.48540340858054093 0.7490275237056674 0.014174540802036291 0.02554308936162973