6 0.944658302959359 0.7164863078582988 0.1106833940812819 0.21425162068396691
6 0.622282086283182 0.7430726253603867 0.15659136327711848 0.1731892911195653
6 0.653195187807273 0.651769517867681 0.14906717296988858 0.15757786702792978
6 0.6095871640994557 0.8821011855894754 0.21671771276506865 0.1535174153466744
6 0.45955404418980733 0.7363893924334745 0.1504650137891681 0.1975778670279298
6 0.4606996526084822 0.7404687128013361 0.1559309607289281 0.2113479318552887
6 0.5861669992741297 0.4845976420947901 0.10696054898795887 0.12233000211025531
6 0.6202297074428089 0.555179567015764 0.10631987194578915 0.10399666877692199
6 0.42872077784039037 0.42813631840957583 0.09155284541566902 0.10935314096151273
6 0.38192862785244874 0.5960553324301753 0.1606496066445884 0.17520534298145246
6 0.23097301024099506 0.4813515652051178 0.12954298266265868 0.14091828735063358
6 0.1608260020964325 0.7415852561440517 0.21702772195784747 0.27650136348478743
6 0.2735465143132763 0.350579622494613 0.13471771276506866 0.14635501884465896
6 0.4157700916054418 0.28716842213334975 0.09520338521084909 0.09970252615673303
6 0.4790662398192968 0.27578859882589457 0.059504464801209224 0.07664540569855566
6 0.5844443551325559 0.3635459430144442 0.08326162857831901 0.10032103723773882