5 0.6405 0.37333333333333335 0.0565 0.06666666666666667
5 0.505 0.5858333333333333 0.0205 0.03666666666666667
5 0.718 0.7425 0.015 0.03833333333333333
5 0.58 0.30833333333333335 0.0175 0.035833333333333335
5 0.641 0.48333333333333334 0.0155 0.03666666666666667
5 0.6685 0.5225 0.0105 0.029166666666666667
5 0.558 0.7291666666666666 0.016 0.03916666666666667
5 0.7645 0.6008333333333333 0.0105 0.02
5 0.7665 0.5758333333333333 0.013 0.028333333333333332
5 0.901 0.03833333333333333 0.0135 0.0175
5 0.8025 0.5191666666666667 0.0205 0.034166666666666665
5 0.8005 0.48833333333333334 0.016 0.019166666666666665
5 0.7525 0.6833333333333333 0.013 0.019166666666666665
5 0.802 0.7466666666666667 0.008 0.023333333333333334
5 0.8085 0.5908333333333333 0.0075 0.011666666666666667
5 0.821 0.64 0.0105 0.0225
5 0.789 0.9383333333333334 0.013 0.03
5 0.909 0.15916666666666668 0.0095 0.021666666666666667
5 0.938 0.1425 0.0075 0.0125
5 0.9125 0.11583333333333333 0.008 0.018333333333333333
5 0.934 0.0875 0.0115 0.025
5 0.8115 0.0375 0.012 0.019166666666666665
5 0.77 0.45416666666666666 0.013 0.0275
5 0.6495 0.315 0.018 0.020833333333333332
5 0.6535 0.275 0.0125 0.028333333333333332
5 0.677 0.29 0.0135 0.013333333333333334
5 0.7015 0.2916666666666667 0.0085 0.021666666666666667
5 0.676 0.25416666666666665 0.0085 0.025833333333333333
5 0.783 0.38 0.019 0.029166666666666667
5 0.789 0.32666666666666666 0.0085 0.021666666666666667
5 0.7975 0.31666666666666665 0.0105 0.0275
5 0.7975 0.26416666666666666 0.019 0.015
5 0.806 0.235 0.0125 0.0125
5 0.8155 0.21583333333333332 0.017 0.025
5 0.822 0.18916666666666668 0.0085 0.0225
5 0.8085 0.17083333333333334 0.01 0.021666666666666667
5 0.8335 0.22666666666666666 0.0125 0.016666666666666666
5 0.808 0.13083333333333333 0.014 0.02
5 0.9665 0.1725 0.008 0.010833333333333334
5 0.9505 0.11666666666666667 0.007 0.019166666666666665
5 0.916 0.06583333333333333 0.0105 0.020833333333333332
5 0.955 0.0775 0.0105 0.02
5 0.6495 0.43166666666666664 0.012 0.018333333333333333
5 0.681 0.3375 0.0005 0.0025