3 0.8182651571432221 0.25956448259616954 0.06832752583555567 0.17178999900691905
5 0.7357198607904444 0.14887721113281804 0.042861184559155614 0.06492696906500905
5 0.5575527534355109 0.5054478703015504 0.019325853616977837 0.024808232037345307
5 0.5364018823108443 0.4787789059785896 0.01848878042546676 0.036397272456432574
5 0.47606480911933313 0.4624158513333581 0.023931010334222264 0.06845207036099699
5 0.6685735203659997 0.7276305958589562 0.017349128875333464 0.026319646208852798
5 0.6511204889373553 0.6870666567358569 0.023768083525733345 0.05678540369433032
5 0.33329881586682203 0.327032191891442 0.025581881458888914 0.043607322856156164
5 0.6360864121591108 0.616657970107917 0.020581881458888802 0.043219191618258414
5 0.6197264817638886 0.5695049905657307 0.024535330942177778 0.04019636327524343
5 0.9594779110047107 0.9688302326953911 0.029931010334222265 0.06233953460921763
5 0.6616304543479552 0.8305369848306017 0.01337240413368886 0.027675807885201114
5 0.7596217431012886 0.5878726652268722 0.022628431975600053 0.04670777744675093
5 0.39269574942279994 0.1956623677939346 0.016488780425466757 0.036242019961273304
5 0.4829147741039554 0.3661761290283792 0.013395679392044486 0.029342474551867875
5 0.44494968699148874 0.3607263316203551 0.015442229908755507 0.032831060380360384
5 0.5572480848036664 0.7064752692538327 0.0010465505167112496 0.003410959580912921