6 0.6950259231154999 0.35678362899643745 0.1107928103885149 0.26980857835374583
6 0.6418451755832995 0.29025631081521835 0.10167062493401727 0.2578800857131559
6 0.7834535722062412 0.4001770385192427 0.10584011428420785 0.3696340277044637
6 0.6734321914260482 0.6335708805118685 0.12770553506387386 0.2619698051933786
6 0.675923463893584 0.6328102766157361 0.133810265453443 0.27214435584266083
6 0.5318226592192796 0.3803604571368315 0.07892005714210382 0.1855733999991213
6 0.5788077348038972 0.33257564977698206 0.06790260207717574 0.18358672380877059
6 0.4800631044130098 0.6404416220725183 0.0706407761032524 0.1586739991334116
6 0.5786365909060952 0.7457780701233537 0.11186263064822766 0.2765043367952929
6 0.49473992622994534 0.9364583740234403 0.08346622545397031 0.12708325195311923
6 0.6541501202557586 0.9774578225075701 0.1486458374023441 0.04508435498485975
6 0.41568136415224244 0.8877510653659055 0.09333897870038117 0.22449786926818888
6 0.39158928701040213 0.6403669999956063 0.06369314129803706 0.16347035670924925
6 0.391454707790068 0.5320627584371533 0.04806475896062125 0.10303398008604366
6 0.4571830186998539 0.36485978657491114 0.06550113558382668 0.14519520692567653