0 0.6249482514252573 0.7947106217271821 0.15890260207717574 0.1847114339910771
0 0.5906926223342522 0.8187130281349878 0.1556407761032524 0.15965325372373174
0 0.7069395238927932 0.792287027753074 0.10641386025918564 0.1370363093570897
0 0.7460642399968365 0.7556876542330259 0.09829167480468823 0.12521449531083534
0 0.7883423854518612 0.6381773736898505 0.10529167480468823 0.1253502492679746
0 0.36483479350322384 0.7889195782304522 0.11095496727196041 0.18878054971355046
0 0.19274638259475607 0.6405594900912505 0.11599493870090839 0.0972302435815745
0 0.27227256519214843 0.6415177130065968 0.003209460779138567 0.020058180267345353
0 0.2826878205170531 0.5854710520263302 0.10792511844119554 0.09040842953532016
0 0.41153186051652585 0.7113317239974829 0.11057095584353965 0.1521138830468836
0 0.43171147246489966 0.6325911287927316 0.11109966909047773 0.10713327646933218
0 0.4659758290883687 0.6094220557182594 0.07480293298669802 0.07810177992785385
0 0.49011800025734026 0.5747802502016051 0.08576802285684164 0.07498177424145372
0 0.5246827592179616 0.6757972372162477 0.06971059636296513 0.16465208605982962
0 0.6142238662307363 0.7257378892850003 0.1268552981814828 0.08411023789517458
0 0.5669907535037512 0.6566396834288543 0.07313457922033421 0.10972965974962336