5 0.8032834688733058 0.9463864221415383 0.04034908160407258 0.052328051299449875
5 0.5489682445321286 0.671690598313761 0.015255993176319862 0.037539685903960465
5 0.5616773431954014 0.6307805483194157 0.025255993176319862 0.03812169872882275
5 0.5629093636664417 0.5208969508843881 0.045337445550603435 0.05095239104521435
5 0.42253911175045494 0.8892408341555215 0.01722108501591265 0.03265608846893277
5 0.44629475462760415 0.8556376649351916 0.037314173443665256 0.04715344745199104
5 0.62752432300445 0.2547673361697234 0.02933744555060366 0.0500211705254344
5 0.4890387614512843 0.8214736534154334 0.029267629229788896 0.0400211705254344
5 0.5168002223551681 0.7889366226583816 0.027325809497134288 0.04823810129379543
5 0.35503911175045494 0.8853122475877001 0.018186176855505325 0.027714289751418923
5 0.7221526698917807 0.3502382567234306 0.02423272106938157 0.03473016411300326
5 0.6259209997199109 0.5262302983476883 0.020186176855505437 0.027830692316391605
5 0.6234439215276784 0.4577805624493825 0.022197812908974355 0.029613761548030765
5 0.41813114928069567 0.6873995636413961 0.002011636053469033 0.0017830692316391605