2 0.092 0.08083333333333333 0.112 0.16166666666666665
3 0.278 0.3308333333333333 0.0155 0.07666666666666666
3 0.2565 0.11 0.0255 0.07333333333333333
1 0.3485 0.5366666666666666 0.0265 0.0325
1 0.269 0.2425 0.0225 0.03833333333333333
4 0.72 0.4241666666666667 0.039 0.0775
4 0.412 0.7216666666666667 0.049 0.10416666666666667
1 0.468 0.575 0.0555 0.09666666666666666
4 0.3835 0.5575 0.0385 0.065
4 0.3475 0.5025 0.0295 0.043333333333333335
4 0.307 0.47333333333333333 0.0385 0.055
4 0.7255 0.8683333333333333 0.0335 0.07916666666666666
2 0.943 0.275 0.051 0.08666666666666667
2 0.5205 0.16083333333333333 0.0415 0.0925
2 0.569 0.15 0.052 0.0375