5 0.4434618506643174 0.7144105676958623 0.04776825692881846 0.0412290637851487
5 0.594939611015136 0.9453871765713913 0.025663494620343043 0.03409347364458275
5 0.5745729429354728 0.9609457309890584 0.028768256928818573 0.039384690481932313
5 0.549038022165981 0.960137054538251 0.026907940006785338 0.04585721259036594
3 0.6746745614575582 0.5832097140011226 0.0700952461695049 0.10660091497993146
5 0.768042843820317 0.239891263338487 0.021873019237293647 0.043705184528116094
5 0.6714412041032812 0.8810009308384726 0.01652381154237628 0.026553156465866246
5 0.6603951741066739 0.8582179329619646 0.016384128464409287 0.019886489799199582
5 0.6395808871812483 0.8712279512400737 0.024663494620343045 0.03399640136546623
5 0.5690491313930965 0.9831509609438253 0.017768256928818574 0.0336980781123494
5 0.5542173840829249 0.9916623897264547 0.015663494620343273 0.016675220547090627
5 0.5269967502388588 0.9823139069428176 0.019768256928818572 0.03537218611436477