5 0.7380633648565468 0.6199644406969651 0.07394950089198073 0.11655629197439604
5 0.5717976441281715 0.6812590493667523 0.04852374650829324 0.03325975020515292
3 0.30520969138053533 0.3527871315375528 0.037327762259081285 0.1357102345245907
5 0.4197593491057588 0.7018037961150719 0.02046555245181628 0.02802489591881378
5 0.39965366203269526 0.7638468116588656 0.04562943358135681 0.09632143768805672
5 0.2046720580210433 0.6922028316544915 0.03396020193187104 0.057241078266042675
5 0.7265909588390689 0.5315815916830695 0.0358147167906784 0.04904356785792402
5 0.6629959728058957 0.6474050367327174 0.013378261367100549 0.022549515680562234
5 0.21791270891528444 0.019804698848402504 0.02417458216943112 0.011629875102576423
5 0.6118902857328321 0.7073427969356832 0.014465552451816166 0.02761742714316957
5 0.5878519907104196 0.7365802108977438 0.016436455423577627 0.026086583401717767
5 0.5986973075750529 0.7748611927177284 0.016698328677724476 0.04108658340171758
5 0.4435289173083631 0.57326389256113 0.01629097028238516 0.01775325006838443
5 0.4235871113648401 0.5685723299756497 0.018349164338862238 0.02122240632693244
5 0.4145633648565469 0.5979950825434871 0.016523746508293243 0.031086583401717577