5 0.25909759116609066 0.3395186573770863 0.08825975020515284 0.13745541233378977
5 0.4419159317167228 0.28226223538394135 0.056018671939110164 0.0443338942551973
3 0.7254099541892304 0.6573079258216857 0.050707965858361376 0.15394593387868363
5 0.607834437961594 0.27087872423795195 0.024814937551288038 0.03449721446287394
5 0.6317453097365819 0.20464210053781506 0.05668929391925121 0.11261873254146645
5 0.2694609100648264 0.4357973636672394 0.04242614071475441 0.0603216302629653
5 0.3415678817577533 0.31382690180409156 0.015611203163466144 0.0257274257059629
5 0.39912136760421674 0.25179902736063753 0.017733443796159463 0.030824415800091362
5 0.42590829724683954 0.22129874689970555 0.02073344379615935 0.03096990094128387
5 0.4148488784301649 0.17845036403701411 0.022140912571803482 0.047685062655014716
5 0.5796756819218756 0.4090729848871408 0.01752970940833734 0.02249108246675803
5 0.6013590428709154 0.41553034137526057 0.021570456285901856 0.024351729321681434
5 0.6116052256359739 0.3841635625242211 0.01989643130641707 0.0375880725608863