5 0.6342239734360219 0.7420826521886013 0.016325853616977838 0.02348847546162536
5 0.6414691997580442 0.6529741638200441 0.033977560850933515 0.0703199806396026
5 0.48841184772144414 0.5839809208352322 0.03137240413368886 0.026967254540232563
5 0.44920362456017754 0.49108821732299274 0.02874480826737772 0.05360483205784457
5 0.47185407763019976 0.5521494156572552 0.02041895465040011 0.030193927660365223
5 0.3471674575087108 0.6001137308296577 0.029558606200533404 0.04028119510752958
5 0.390860698603644 0.9785186758231542 0.045651707233955674 0.04296264835369167
5 0.785770523952733 0.740218320882534 0.030651707233955675 0.046957558157214405
3 0.3048848099712884 0.9064119349416305 0.06607149799364447 0.1489539018465018
5 0.5646554018248886 0.6388942089943048 0.052768083525733346 0.055504211916949465
5 0.6712821615819107 0.7382747516936102 0.018325853616977836 0.023507868227662054
5 0.7344434161718219 0.8705716832564637 0.018395679392044485 0.028507868227661673
5 0.4321691297272887 0.4575851972868399 0.018442229908755506 0.03184120156099539
5 0.4344492689368443 0.36592822700319144 0.02237240413368886 0.026879987093068394