5 0.46660382458759625 0.9204300836904437 0.07612408306141173 0.12453728186385206
5 0.4118175431622359 0.6527382134773698 0.02551304546840288 0.08759767700088901
3 0.5874302635208367 0.15292659990173993 0.08725117221425625 0.07500278703096308
5 0.3842839369968481 0.39814622725633275 0.018611037593008858 0.03569825775066666
5 0.34376403796278354 0.37223670324396246 0.0634548514119258 0.08573844336340745
5 0.3677143802375601 0.030711382979629387 0.0380474930165866 0.061422765959258774
5 0.5200111829829356 0.8950407692023695 0.033105687073063564 0.06457468044562953
5 0.4421842621066502 0.8022914076011476 0.01443645542357774 0.02554308936162973
5 0.07760334264455124 0.07693542431651841 0.02264013462124734 0.0375200928063704
5 0.4000809194620989 0.7239788638319253 0.01743645542357774 0.025659465653407477
5 0.3792210540833463 0.6881462272563329 0.017494649480054705 0.028992798986740807
5 0.35732824420212633 0.7114802573474069 0.02655284353653178 0.032675261195407375
5 0.4658765786015089 0.41829860861440676 0.011494649480054703 0.02876004640318513
5 0.4669730676803984 0.3841125458991104 0.01458194056477032 0.033876422694962965
5 0.447676746878068 0.37320232512899937 0.019523746508293242 0.030737049847926034