5 0.45794933683771144 0.5972478800099624 0.04751205568382227 0.04122906378514889
5 0.601277698782556 0.8219910942669663 0.025465505167111133 0.03576014031124942
5 0.5804639008494005 0.837362945461749 0.02753533094217778 0.040954284869482646
5 0.5554173503326894 0.8364564191063317 0.026605156717244425 0.04585721259036594
3 0.6888898945278892 0.4630119084486771 0.07044306601804443 0.11003132059238131
5 0.7902930310026668 0.12355558019564677 0.0225818814588888 0.04380225680723271
5 0.6779747023692894 0.7569679926354268 0.017349128875333464 0.02665022874498296
5 0.6676488487523116 0.7346053820932599 0.017232752583555565 0.018316895411649436
5 0.6468117755608005 0.748310566621376 0.023418954650399882 0.03223266241968266
5 0.23396431890404493 0.9068803596485562 0.017418954650399995 0.03165022874498315
5 0.5742897544663783 0.8613272486093406 0.017488780425466758 0.036650228744983145
5 0.5589875941624004 0.8769985356023151 0.015442229908755507 0.03312275085341639
5 0.5332315663204893 0.8611405453864559 0.019488780425466756 0.036844373303216195