5 0.3913190026050104 0.5809551168419572 0.025641276166112108 0.07973016411300327
5 0.2850110880321653 0.302769906536831 0.02190794000678545 0.04455556026554442
5 0.27233013302707615 0.334571491146996 0.023977781545768947 0.048005296163850346
5 0.26849203455927423 0.3743968872995373 0.027942860776277258 0.04657143462712867
3 0.5082920472762444 0.23066149060753455 0.06644445386442237 0.12039154874578648
5 0.7225793576779538 0.13383349582795204 0.026803177698310265 0.03984656667797575
5 0.2198936446033796 0.08955825073737021 0.04636191001017812 0.06761905771188109
5 0.33542062112709586 0.1905635680961708 0.016628573850851466 0.03093122051977995
5 0.34698411150844904 0.2120953168193391 0.01255873231186797 0.02736508205650163
5 0.3353206168881058 0.24312176937865707 0.021838098467801957 0.041222226932211184
5 0.1876968223016898 0.04930427508199074 0.01855873231186797 0.0277142897514191
5 0.18661427844744563 0.10097094174865741 0.014733336159326711 0.035814817954807454
5 0.16197459536947864 0.10621167699441104 0.0179428607762772 0.0459894218022662
5 0.17471897717107007 0.8837328475198456 0.018628573850851468 0.031047623084752254
5 0.2572253707186009 0.3386984719097023 0.022628573850851468 0.03128042821469743
5 0.24625394033046233 0.36058735844359674 0.019523811542376278 0.02610582436723869
5 0.25081107955418513 0.4059074654972711 0.022698415389834962 0.034613761548030766