5 0.7215534131381228 0.15961066486035055 0.048802887689366796 0.11919262234264333
5 0.6738515336982671 0.4931446464672707 0.042418897924887004 0.06366854454981288
5 0.6096722257670081 0.6880324957056693 0.03837235371101087 0.05665249268792612
5 0.9903130159261512 0.7562455299299948 0.019373968147697724 0.07551699080345997
5 0.8486267324506437 0.8756210830727987 0.036325809497134286 0.049811133423649304
5 0.9371089280712694 0.7936805958124811 0.03893088427752673 0.13665249268792592
5 0.7780438788796775 0.5832709712076126 0.02025599317631986 0.038413592642768134
5 0.8462827682749644 0.6832084293716039 0.05967489110120687 0.1018200982961658
5 0.6921708245703255 0.39398506678997436 0.03827926528325815 0.043319159354592594
5 0.6595643485932506 0.023272122420793084 0.02425599317631986 0.03876297783798832
5 0.804230055735183 0.6076666341053476 0.020372353711010874 0.0550802593094348
5 0.9422896371992109 0.8907875374678584 0.06037235371101064 0.05857411126163773