5 0.4419753266963793 0.26415863057610667 0.043837795849774014 0.12250265514690853
5 0.5279171464290339 0.26748665361562285 0.025418897924887007 0.061455032062156176
5 0.5014400682368014 0.3373332202935986 0.032477078192232514 0.07019577437289323
5 0.10841539493318064 0.6500899217457209 0.022349081604072524 0.05128042821469743
5 0.07485756496500587 0.5887354320169199 0.03570979926161417 0.10370371155368541
5 0.6000656127307669 0.8147300228133347 0.024279265283258154 0.04139683077966993
5 0.7585437418205113 0.5222881887709039 0.018325809497134287 0.047714289751419114
5 0.7035666636282788 0.5937934919997377 0.023325809497134288 0.04800529616385044
5 0.49995240488861176 0.19247872349981418 0.03536071765754161 0.05370371155368526
5 0.48152838953533145 0.11108454786705285 0.023360717657541615 0.05300529616385034
5 0.4285982058561459 0.10416921583882392 0.02127926528325793 0.041222226932211184
5 0.4325578299681748 0.03813217801678872 0.03730253739019622 0.04548678078532445
5 0.5722278168809928 0.9363014574404634 0.03737235371101087 0.055486780785324374
5 0.36229461756843784 0.36625653189252017 0.029465442138763363 0.06835450385876773
5 0.3621347284532401 0.9618570600959085 0.028186176855505438 0.02829630257628158
5 0.08770524537239584 0.824558180087536 0.03138398976447979 0.05680423975707375
5 0.07617650553789376 0.757756595477371 0.05866325504773783 0.09837567438420232
5 0.04925760761300672 0.8192989294632566 0.03634908160407254 0.05209524616950489
5 0.5363233574029399 0.4236004080986701 0.01626762922978901 0.03926455385311328
5 0.4757313198726991 0.22554222094615076 0.01739562581794894 0.057656088468932866
5 0.31939759055380634 0.7119470171665464 0.010232721069381683 0.0339153461581958
5 0.0123274924634044 0.42668518204519257 0.0246549849268088 0.04157143462712876
5 0.09818954278804541 0.4682592364943127 0.013209448962443531 0.030756616672321116
5 0.08588735569701986 0.44065341919205747 0.01812799658815993 0.01938095641808578
5 0.7481488166009036 0.4362617362115859 0.010151268695097996 0.022248679491529137
5 0.5387586585105186 0.5758967036099683 0.036535258459578016 0.07876191283617155
5 0.5098459289115368 0.5650845408020695 0.035511986352639725 0.07537037822035207
5 0.3939123792998112 0.06120626072584254 0.016162904748567145 0.024264553853113283