2 0.9347476951475833 0.9507712946742742 0.1264095330949308 0.09845741065145149
3 0.7471079908746661 0.687548711988065 0.024850800783062822 0.08877938204964834
3 0.7608111855289365 0.9360468894122105 0.03481588001357068 0.08730664960746633
1 0.6780444792983626 0.4446408662846961 0.031873019237293646 0.04226786276256936
1 0.752685776659425 0.7867832556333014 0.02897778154576895 0.047209682495224004
4 0.2611444835373527 0.48903441570123374 0.0509555630915379 0.09428361103330872
4 0.6165047792644355 0.22686877453846638 0.06361905771188117 0.12618299876935699
1 0.5471825692881847 0.37712941807761863 0.07044445386442248 0.11798541939316294
4 0.6404159054475113 0.4139233096541025 0.04767619693560391 0.08089209743262984
4 0.6778651173814187 0.4837881395289143 0.03611746462373594 0.05401210311902995
4 0.7211857554644748 0.523779026649641 0.04739683077966993 0.06755876409929651
4 0.275919049233901 0.02534288788455471 0.043838098467801956 0.040833917165284395
2 0.025263541249233797 0.6094090844472726 0.02713016693899661 0.10215150222787846
2 0.4695587958967188 0.8229421903246013 0.054304770786455375 0.11100845796732074
2 0.4156286374357022 0.8252282788457171 0.06108254385424425 0.05283027201357527