3 0.5716689204804688 0.14228319640134077 0.04989643130641707 0.03951852950849272
3 0.7025797922554569 0.08499486633076839 0.049263153204496576 0.05446032822600647
1 0.4582138988285726 0.28047364635044997 0.024181659449367884 0.04967196283051701
1 0.6240373438782205 0.11953453103977847 0.02805941881667468 0.044904767960462
4 0.5882902435274046 0.9038334605030349 0.054874356367962944 0.07975133463843766
4 0.35641252871737883 0.4051958450227274 0.07232257202117137 0.09907408977403728
1 0.45528688508534176 0.4875080360905599 0.0686078001641223 0.11050795131075877
4 0.45124190673723796 0.34247893544931685 0.04683360949039843 0.07761905771188102
4 0.47907128475709715 0.2758625399493278 0.031344646959625605 0.05674603847458741
4 0.48931916902182754 0.20489428867249607 0.040792862612834026 0.07560318335029692
4 0.31987937175241654 0.9531191142317484 0.05362987510257642 0.06969313335595151
2 0.715703689830541 0.5401112688957409 0.06399659700065603 0.08527514618081397
2 0.7301799133924148 0.6216721182601522 0.031241078266042676 0.09335450385876773